0 0.00000
1 0.00471
2 0.03516
3 0.01263
4 0.02179
5 0.05028
6 0.03759
7 0.01887
8 0.00349
9 0.03879
10 0.05306
11 0.05481
12 0.03343
13 0.04083
14 0.06027
15 0.10551
16 0.08015
17 0.07240
18 0.06810
19 0.05564
20 0.06691
21 0.13108
22 0.08661
23 0.12090
24 0.09710
25 0.09480
26 0.10359
27 0.09959
28 0.10504
29 0.11508
30 0.12311
31 0.13339
32 0.12727
33 0.13853
34 0.13690
35 0.12736
36 0.18123
37 0.17974
38 0.17880
39 0.19000
40 0.18098
41 0.17130
42 0.17336
43 0.17530
44 0.16501
45 0.19701
46 0.18586
47 0.22421
48 0.19036
49 0.24815
50 0.22366
51 0.21806
52 0.19804
53 0.19553
54 0.21907
55 0.19999
56 0.19475
57 0.25896
58 0.20773
59 0.17678
60 0.15855
61 0.18276
62 0.19474
63 0.17464
64 0.21673
65 0.17320
66 0.19569
67 0.20404
68 0.16292
69 0.22692
70 0.25136
71 0.25065
72 0.29953
73 0.33203
74 0.38971
75 0.40946
76 0.46284
77 0.48239
78 0.58532
79 0.65359
80 0.76380
81 0.77890
82 0.91319
83 0.96949
84 1.00000
85 0.95971
86 0.93150
87 0.85688
88 0.74545
89 0.72776
90 0.65962
91 0.62088
92 0.55291
93 0.52525
94 0.45347
95 0.37813
96 0.37070
97 0.30851
98 0.31236
99 0.32789
100 0.28980
101 0.26954
102 0.28337
103 0.29814
104 0.32282
105 0.35694
106 0.38269
107 0.39326
108 0.37850
109 0.36980
110 0.40338
111 0.43775
112 0.41310
113 0.46106
114 0.50531
115 0.50398
116 0.56277
117 0.48858
118 0.43628
119 0.39815
120 0.34741
121 0.32047
122 0.31078
123 0.27928
124 0.28785
125 0.27816
126 0.31153
127 0.30170
128 0.31283
129 0.30979
130 0.29595
131 0.31356
132 0.30362
133 0.31051
134 0.31111
135 0.32298
136 0.31305
137 0.34882
138 0.35536
139 0.32347
140 0.33853
141 0.34734
142 0.31167
143 0.36801
144 0.31794
145 0.28920
146 0.28565
147 0.30001
148 0.29464
149 0.27858
150 0.27755
151 0.31126
152 0.30728
153 0.30383
154 0.31440
155 0.29474
156 0.27418
157 0.29833
158 0.31430
159 0.33262
160 0.35722
161 0.31155
162 0.29355
163 0.30800
164 0.31319
165 0.31525
166 0.32181
167 0.32396
168 0.31818
169 0.34820
170 0.31747
171 0.31751
172 0.28836
173 0.30185
174 0.33918
175 0.35834
