0 0.29917
1 0.32811
2 0.41470
3 0.54832
4 0.51692
5 0.53922
6 0.50129
7 0.52089
8 0.34132
9 0.34510
10 0.52509
11 0.50956
12 0.50255
13 0.49999
14 0.47852
15 0.48996
16 0.51408
17 0.47802
18 0.49792
19 0.53501
20 0.50637
21 0.30010
22 0.21258
23 0.30265
24 0.32690
25 0.55729
26 0.54564
27 0.54567
28 0.51083
29 0.52479
30 0.51093
31 0.52402
32 0.53680
33 0.56210
34 0.54813
35 0.58543
36 0.55222
37 0.56749
38 0.55572
39 0.54855
40 0.55726
41 0.55927
42 0.55586
43 0.56121
44 0.59164
45 0.57956
46 0.56428
47 0.58524
48 0.59671
49 0.60615
50 0.59975
51 0.59172
52 0.60621
53 0.59548
54 0.59351
55 0.59312
56 0.58973
57 0.61144
58 0.59021
59 0.56768
60 0.58136
61 0.59554
62 0.61481
63 0.59220
64 0.62298
65 0.58098
66 0.58868
67 0.64869
68 0.61369
69 0.60066
70 0.64281
71 0.59839
72 0.59111
73 0.62321
74 0.61912
75 0.55750
76 0.65065
77 0.61518
78 0.64092
79 0.63110
80 0.62833
81 0.59599
82 0.61897
83 0.64024
84 0.32206
85 0.00000
86 0.17324
87 0.69094
88 0.68795
89 0.60415
90 0.62076
91 0.63558
92 0.68190
93 0.71886
94 0.69235
95 0.68751
96 0.67250
97 0.68682
98 0.70500
99 0.68534
100 0.65821
101 0.60436
102 0.68957
103 0.65750
104 0.64445
105 0.67843
106 0.62773
107 0.62927
108 0.64182
109 0.68417
110 0.65430
111 0.63249
112 0.64981
113 0.69673
114 0.64110
115 0.68441
116 0.67466
117 0.77533
118 0.74886
119 0.97777
120 1.00000
121 0.98114
122 0.96405
123 0.95972
124 0.91409
125 0.89360
126 0.91571
127 0.88053
128 0.87547
129 0.86990
130 0.86255
131 0.86012
132 0.82480
133 0.84523
134 0.65447
135 0.64742
136 0.63034
137 0.64251
138 0.69226
139 0.72601
140 0.73415
141 0.71001
142 0.71203
143 0.69398
144 0.70760
145 0.69887
146 0.71814
147 0.69772
148 0.77697
149 0.71035
150 0.71584
151 0.75066
152 0.74965
153 0.72576
154 0.72714
155 0.74019
156 0.74805
157 0.72360
158 0.73053
159 0.76773
160 0.73778
161 0.77743
162 0.77167
163 0.77246
164 0.76603
165 0.74047
166 0.76856
167 0.77218
168 0.78390
169 0.67450
