0 0.40356
1 0.37572
2 0.38513
3 0.34404
4 0.20252
5 0.00000
6 0.37947
7 0.38232
8 0.37034
9 0.38823
10 0.37585
11 0.37514
12 0.39526
13 0.40371
14 0.40084
15 0.40148
16 0.38018
17 0.40632
18 0.39753
19 0.38253
20 0.38984
21 0.41675
22 0.39766
23 0.37605
24 0.37443
25 0.38572
26 0.39809
27 0.45616
28 0.40916
29 0.36663
30 0.23984
31 0.24609
32 0.41338
33 0.39412
34 0.43680
35 0.41044
36 0.42502
37 0.41521
38 0.42582
39 0.41446
40 0.40371
41 0.40766
42 0.42345
43 0.42248
44 0.42017
45 0.39258
46 0.42140
47 0.38731
48 0.40109
49 0.40514
50 0.40168
51 0.42155
52 0.35899
53 0.37845
54 0.42462
55 0.44377
56 0.39645
57 0.40762
58 0.40243
59 0.37179
60 0.37843
61 0.37315
62 0.39943
63 0.41023
64 0.44693
65 0.40170
66 0.40449
67 0.41661
68 0.43044
69 0.43896
70 0.42801
71 0.43611
72 0.44175
73 0.41957
74 0.43407
75 0.42740
76 0.44625
77 0.42302
78 0.45311
79 0.42607
80 0.42467
81 0.44308
82 0.43800
83 0.46059
84 0.46350
85 0.47027
86 0.45928
87 0.44866
88 0.44727
89 0.46290
90 0.47683
91 0.45581
92 0.45236
93 0.46084
94 0.46509
95 0.46299
96 0.46308
97 0.44477
98 0.44465
99 0.45194
100 0.46168
101 0.48059
102 0.45171
103 0.46658
104 0.46973
105 0.47261
106 0.47602
107 0.46391
108 0.47270
109 0.47243
110 0.49428
111 0.49351
112 0.50387
113 0.51175
114 0.49699
115 0.54749
116 0.61711
117 0.64367
118 0.73696
119 0.79529
120 0.87144
121 0.97154
122 0.99488
123 1.00000
124 0.95377
125 0.92509
126 0.88092
127 0.85516
128 0.75421
129 0.67971
130 0.63911
131 0.60226
132 0.56614
133 0.54264
134 0.53993
135 0.51715
136 0.52272
137 0.49815
138 0.50202
139 0.51440
140 0.46894
141 0.47938
142 0.44668
143 0.40259
144 0.48902
145 0.47241
146 0.47253
147 0.51746
148 0.51867
149 0.52672
150 0.50916
151 0.52186
152 0.52194
153 0.51973
154 0.50143
155 0.49717
156 0.51809
157 0.50121
158 0.52784
159 0.50978
160 0.51648
161 0.51838
162 0.51855
163 0.52629
164 0.52601
165 0.52914
166 0.52573
167 0.51611
168 0.53310
169 0.54050
170 0.55187
171 0.38394
172 0.53212
173 0.52820
174 0.46187
175 0.42078
176 0.51144
177 0.50848
178 0.50204
