0 0.00908
1 0.00395
2 0.00308
3 0.00348
4 0.00000
5 0.00057
6 0.00210
7 0.00464
8 0.00960
9 0.00200
10 0.00965
11 0.00513
12 0.01068
13 0.00999
14 0.01292
15 0.02082
16 0.02921
17 0.04059
18 0.05444
19 0.20323
20 0.21840
21 0.25353
22 0.28935
23 0.48137
24 0.56733
25 0.68195
26 0.77578
27 0.87456
28 0.95757
29 1.00000
30 0.95340
31 0.88852
32 0.77936
33 0.67843
34 0.55878
35 0.47052
36 0.40386
37 0.34570
38 0.32460
39 0.18383
40 0.16506
41 0.15713
42 0.13759
43 0.13366
44 0.12007
45 0.11998
46 0.11525
47 0.11372
48 0.11164
49 0.10579
50 0.10398
51 0.11127
52 0.11114
53 0.11278
54 0.11096
55 0.11475
56 0.10685
57 0.10544
58 0.10350
59 0.10814
60 0.10283
61 0.10113
62 0.09589
63 0.09661
64 0.09029
65 0.10050
66 0.10219
67 0.09863
68 0.10474
69 0.11136
70 0.11537
71 0.12428
72 0.13548
73 0.15715
74 0.16503
75 0.15165
76 0.14308
77 0.13352
78 0.10969
79 0.10805
80 0.11392
81 0.10564
82 0.10995
83 0.11277
84 0.10821
85 0.10045
86 0.09266
87 0.09447
88 0.09758
89 0.09387
90 0.10324
91 0.10305
92 0.09926
93 0.09673
94 0.08630
95 0.10723
96 0.09521
97 0.09276
98 0.10401
99 0.10213
100 0.10875
101 0.10332
102 0.09598
103 0.10921
104 0.10685
105 0.09801
106 0.10303
107 0.10830
108 0.11751
109 0.11029
110 0.11926
111 0.12069
112 0.11845
113 0.11785
114 0.12453
115 0.11563
116 0.12311
117 0.12713
118 0.12038
119 0.12720
120 0.12081
121 0.12379
122 0.12875
123 0.13263
124 0.13349
125 0.13192
126 0.13196
127 0.13473
128 0.13890
129 0.14046
130 0.13830
131 0.13799
132 0.14929
133 0.14317
134 0.14717
135 0.14789
136 0.14391
137 0.15072
138 0.14792
139 0.14253
140 0.01899
141 0.01737
142 0.02130
143 0.02733
144 0.01872
145 0.02663
146 0.02223
147 0.02624
148 0.03001
149 0.02266
150 0.02998
151 0.03355
152 0.02655
153 0.02856
154 0.03706
155 0.02649
156 0.03995
157 0.03139
158 0.03794
159 0.03187
160 0.04681
161 0.03250
162 0.03948
163 0.04645
164 0.04764
165 0.04678
166 0.04603
167 0.04345
168 0.05005
169 0.05438
