0 0.11712
1 0.05651
2 0.01042
3 0.09371
4 0.09758
5 0.15635
6 0.15265
7 0.07131
8 0.18077
9 0.03579
10 0.11701
11 0.04659
12 0.01618
13 0.06484
14 0.09851
15 0.14206
16 0.09294
17 0.09119
18 0.00356
19 0.00000
20 0.06117
21 0.08111
22 0.04038
23 0.08512
24 0.05939
25 0.09324
26 0.03327
27 0.02733
28 0.11487
29 0.10350
30 0.14532
31 0.07603
32 0.06087
33 0.10935
34 0.15848
35 0.11127
36 0.09749
37 0.06276
38 0.12154
39 0.11103
40 0.15102
41 0.13587
42 0.16278
43 0.27439
44 0.09573
45 0.11775
46 0.12964
47 0.13905
48 0.12859
49 0.10424
50 0.10678
51 0.13487
52 0.13044
53 0.08455
54 0.11608
55 0.20644
56 0.06400
57 0.08986
58 0.16202
59 0.17224
60 0.14805
61 0.13231
62 0.12155
63 0.22290
64 0.17436
65 0.14033
66 0.07911
67 0.11465
68 0.13517
69 0.11737
70 0.10479
71 0.08301
72 0.12976
73 0.17614
74 0.24931
75 0.16208
76 0.22187
77 0.24050
78 0.18592
79 0.17403
80 0.15205
81 0.17834
82 0.11730
83 0.21685
84 0.35557
85 0.20032
86 0.15981
87 0.17978
88 0.19464
89 0.19362
90 0.16400
91 0.29213
92 0.23290
93 0.19761
94 0.21592
95 0.28006
96 0.20258
97 0.29220
98 0.25458
99 0.29908
100 0.19119
101 0.24471
102 0.19385
103 0.14758
104 0.27912
105 0.26497
106 0.29018
107 0.23402
108 0.20441
109 0.27422
110 0.19394
111 0.17613
112 0.24219
113 0.24232
114 0.23202
115 0.18883
116 0.21445
117 0.23841
118 0.28525
119 0.25631
120 0.30614
121 0.42810
122 0.24028
123 0.25776
124 0.17785
125 0.26146
126 0.18960
127 0.35190
128 0.34361
129 0.25146
130 0.24835
131 0.33625
132 0.39788
133 0.28221
134 0.25856
135 0.23620
136 0.29481
137 0.30796
138 0.36645
139 0.19865
140 0.20329
141 0.31811
142 0.27975
143 0.24555
144 0.29859
145 0.22901
146 0.40124
147 0.35328
148 0.44660
149 0.36846
150 0.41803
151 0.45712
152 0.43700
153 0.59797
154 0.78964
155 0.85249
156 1.00000
157 0.98132
158 0.82789
159 0.60784
160 0.54692
161 0.40293
162 0.48024
163 0.38713
164 0.37494
165 0.41025
166 0.33354
167 0.36993
168 0.29958
169 0.30346
170 0.34092
171 0.29509
172 0.29181
173 0.28641
174 0.37874
175 0.25812
176 0.39846
