0 0.11487
1 0.01050
2 0.06657
3 0.11740
4 0.21478
5 0.09200
6 0.17224
7 0.18548
8 0.05151
9 0.15429
10 0.12314
11 0.08290
12 0.11758
13 0.08532
14 0.05369
15 0.13722
16 0.17870
17 0.04093
18 0.11589
19 0.02180
20 0.12867
21 0.12360
22 0.20402
23 0.15036
24 0.12090
25 0.14892
26 0.08052
27 0.00000
28 0.12541
29 0.11308
30 0.13361
31 0.07307
32 0.15830
33 0.19297
34 0.24190
35 0.08116
36 0.06307
37 0.11621
38 0.21057
39 0.09123
40 0.12491
41 0.16538
42 0.15031
43 0.13263
44 0.08723
45 0.09846
46 0.09045
47 0.11205
48 0.14519
49 0.17108
50 0.14958
51 0.18792
52 0.20710
53 0.25510
54 0.14721
55 0.17162
56 0.11491
57 0.13241
58 0.15022
59 0.15914
60 0.14971
61 0.16840
62 0.20264
63 0.23690
64 0.14074
65 0.15136
66 0.18033
67 0.37336
68 0.20745
69 0.20199
70 0.21143
71 0.15608
72 0.23078
73 0.19825
74 0.22789
75 0.13817
76 0.10004
77 0.26429
78 0.08237
79 0.11660
80 0.28977
81 0.23039
82 0.24472
83 0.22060
84 0.17204
85 0.17010
86 0.14797
87 0.20778
88 0.25693
89 0.16392
90 0.13680
91 0.18802
92 0.15114
93 0.20175
94 0.21575
95 0.19557
96 0.18902
97 0.15893
98 0.15303
99 0.24211
100 0.15181
101 0.18139
102 0.21378
103 0.18693
104 0.22861
105 0.18671
106 0.15208
107 0.26813
108 0.15105
109 0.30967
110 0.13743
111 0.15931
112 0.25581
113 0.26151
114 0.22007
115 0.16877
116 0.27121
117 0.20716
118 0.16879
119 0.25752
120 0.21167
121 0.28266
122 0.18681
123 0.15663
124 0.27792
125 0.24499
126 0.23632
127 0.25647
128 0.21321
129 0.25590
130 0.28297
131 0.43974
132 0.26896
133 0.22420
134 0.23922
135 0.30729
136 0.25682
137 0.38625
138 0.32865
139 0.25070
140 0.31483
141 0.41254
142 0.37001
143 0.29879
144 0.31612
145 0.31716
146 0.40852
147 0.44938
148 0.51378
149 0.60449
150 0.71184
151 0.76741
152 0.99740
153 1.00000
154 0.90808
155 0.81723
156 0.68107
157 0.47613
158 0.44362
159 0.38637
160 0.36990
161 0.37987
162 0.32086
163 0.28497
164 0.35754
165 0.24912
166 0.30045
167 0.37799
168 0.39723
169 0.23363
170 0.25033
171 0.37403
172 0.37883
173 0.34923
174 0.17797
175 0.30329
176 0.41534
177 0.37145
178 0.38640
