0 2157751
1 2142612
2 2158122
3 2158095
4 2144938
5 2145675
6 2164941
7 2156912
8 2154106
9 2162829
10 2171751
11 2170678
12 2163418
13 2177887
14 2176972
15 2174099
16 2176094
17 2178373
18 2198300
19 2180849
20 2184765
21 2186045
22 2196738
23 2197295
24 2221657
25 2203584
26 2213124
27 2218829
28 2223728
29 2250007
30 2237468
31 2257332
32 2286364
33 2277148
34 2280001
35 2281355
36 2296932
37 2283472
38 2292225
39 2295472
40 2309227
41 2300287
42 2310664
43 2324721
44 2337637
45 2347797
46 2331655
47 2326003
48 2337947
49 2328424
50 2315267
51 2339838
52 2334765
53 2329945
54 2327721
55 2342951
56 2328627
57 2314516
58 2302463
59 2282380
60 2272807
61 2258411
62 2270199
63 2267115
64 2269658
65 2279125
66 2282467
67 2294853
68 2321331
69 2355901
70 2370058
71 2446235
72 2499455
73 2572054
74 2653893
75 2730712
76 2830640
77 2962217
78 3084960
79 3209772
80 3340131
81 3468900
82 3469897
83 3523721
84 3476241
85 3377213
86 3244665
87 3147455
88 3045463
89 2971606
90 2888889
91 2818880
92 2784828
93 2658116
94 2539795
95 2477736
96 2441100
97 2423035
98 2387319
99 2364339
100 2367583
101 2371832
102 2410481
103 2434083
104 2479539
105 2523463
106 2555134
107 2580659
108 2560116
109 2563894
110 2605598
111 2627771
112 2669799
113 2741663
114 2822908
115 2822056
116 2742649
117 2599055
118 2517668
119 2421484
120 2370836
121 2340860
122 2340646
123 2306011
124 2295141
125 2311697
126 2304156
127 2300924
128 2306389
129 2332918
130 2334906
131 2329298
132 2322394
133 2343248
134 2344114
135 2364935
136 2375610
137 2385769
138 2382252
139 2368817
140 2348601
141 2345966
142 2337404
143 2314281
144 2305282
145 2293535
146 2291692
147 2279241
148 2271232
149 2264937
150 2281696
151 2278698
152 2277537
153 2271556
154 2277567
155 2278770
156 2276928
157 2259698
158 2266911
159 2274360
160 2269266
161 2281573
162 2270704
163 2263926
164 2270931
165 2271382
166 2255935
167 2275078
168 2267215
169 2269583
170 2280389
171 2271539
172 2255626
