0 9330045
1 9218417
2 9256138
3 9091387
4 8523899
5 7711822
6 9233453
7 9244858
8 9196831
9 9268592
10 9218925
11 9216094
12 9296779
13 9330634
14 9319155
15 9321692
16 9236291
17 9341102
18 9305873
19 9245733
20 9275049
21 9382940
22 9306371
23 9219752
24 9213229
25 9258517
26 9308130
27 9540961
28 9352515
29 9181969
30 8673536
31 8698619
32 9369418
33 9292208
34 9463331
35 9357642
36 9416091
37 9376750
38 9419318
39 9373759
40 9330628
41 9346478
42 9409793
43 9405918
44 9396637
45 9286012
46 9401571
47 9264894
48 9320151
49 9336364
50 9322497
51 9402189
52 9151342
53 9229368
54 9414512
55 9491284
56 9301524
57 9346329
58 9325510
59 9202667
60 9229260
61 9208110
62 9313473
63 9356800
64 9503971
65 9322573
66 9333776
67 9382381
68 9437837
69 9472012
70 9428086
71 9460586
72 9483180
73 9394232
74 9452385
75 9425643
76 9501233
77 9408069
78 9528739
79 9420307
80 9414706
81 9488528
82 9468164
83 9558731
84 9570388
85 9597538
86 9553485
87 9510894
88 9505306
89 9567995
90 9623851
91 9539548
92 9525721
93 9559714
94 9576770
95 9568370
96 9568712
97 9495303
98 9494818
99 9524040
100 9563103
101 9638907
102 9523129
103 9582762
104 9595373
105 9606922
106 9620606
107 9572034
108 9607287
109 9606202
110 9693833
111 9690746
112 9732283
113 9763867
114 9704704
115 9907182
116 10186348
117 10292853
118 10666922
119 10900827
120 11206180
121 11607564
122 11701154
123 11721692
124 11536309
125 11421326
126 11244180
127 11140906
128 10736096
129 10437363
130 10274559
131 10126796
132 9981981
133 9887743
134 9876883
135 9785544
136 9807877
137 9709350
138 9724872
139 9774512
140 9592211
141 9634082
142 9502954
143 9326152
144 9672712
145 9606129
146 9606618
147 9786753
148 9791603
149 9823912
150 9753503
151 9804426
152 9804744
153 9795859
154 9722487
155 9705420
156 9789315
157 9721600
158 9828377
159 9755955
160 9782854
161 9790478
162 9791122
163 9822194
164 9821039
165 9833600
166 9819926
167 9781352
168 9849498
169 9879167
170 9924734
171 9251357
172 9845559
173 9829834
174 9563872
175 9399092
176 9762616
177 9750745
178 9724942
