0 5729522
1 5796399
2 5996471
3 6305208
4 6232655
5 6284171
6 6196545
7 6241818
8 5826903
9 5835645
10 6251520
11 6215637
12 6199446
13 6193533
14 6143934
15 6170362
16 6226077
17 6142775
18 6188740
19 6274450
20 6208266
21 5731661
22 5529444
23 5737554
24 5793592
25 6325922
26 6299016
27 6299083
28 6218567
29 6250832
30 6218798
31 6249056
32 6278577
33 6337051
34 6304751
35 6390956
36 6314202
37 6349498
38 6322308
39 6305736
40 6325861
41 6330512
42 6322623
43 6334987
44 6405285
45 6377371
46 6342085
47 6390504
48 6417001
49 6438825
50 6424035
51 6405480
52 6438952
53 6414163
54 6409623
55 6408709
56 6400876
57 6451032
58 6401997
59 6349937
60 6381541
61 6414302
62 6458834
63 6406587
64 6477703
65 6380659
66 6398452
67 6537107
68 6456253
69 6426143
70 6523533
71 6420892
72 6404073
73 6478236
74 6468796
75 6326414
76 6541633
77 6459696
78 6519169
79 6496473
80 6490063
81 6415342
82 6468435
83 6517595
84 5782412
85 5038270
86 5438561
87 6634723
88 6627815
89 6434198
90 6472585
91 6506830
92 6613850
93 6699237
94 6637985
95 6626798
96 6592121
97 6625208
98 6667213
99 6621799
100 6559119
101 6434684
102 6631563
103 6557466
104 6527318
105 6605827
106 6488671
107 6492234
108 6521239
109 6619087
110 6550065
111 6499691
112 6539692
113 6648107
114 6519570
115 6619645
116 6597126
117 6829725
118 6768566
119 7297476
120 7348837
121 7305259
122 7265776
123 7255756
124 7150337
125 7102997
126 7154075
127 7072798
128 7061103
129 7048241
130 7031257
131 7025625
132 6944028
133 6991236
134 6550472
135 6534175
136 6494704
137 6522827
138 6637791
139 6715755
140 6734565
141 6678801
142 6683468
143 6641758
144 6673219
145 6653047
146 6697590
147 6650405
148 6833505
149 6679587
150 6692272
151 6772726
152 6770375
153 6715177
154 6718373
155 6748535
156 6766685
157 6710187
158 6726202
159 6812166
160 6742964
161 6834572
162 6821275
163 6823099
164 6808229
165 6749164
166 6814079
167 6822449
168 6849524
169 6596744
