0 3531135
1 3476065
2 3402850
3 3537404
4 3575239
5 3536316
6 3416767
7 3551117
8 3559455
9 3540533
10 3546345
11 3571356
12 3542112
13 3541958
14 3553732
15 3406341
16 3431487
17 3470744
18 3477788
19 3576461
20 3572659
21 3415390
22 3550638
23 3526763
24 3566579
25 3413124
26 3557963
27 3575095
28 3571755
29 3580948
30 3568587
31 3544265
32 3624392
33 3459007
34 3622947
35 3599695
36 3609052
37 3585093
38 3573659
39 3592806
40 3565706
41 3577861
42 3574227
43 3574681
44 3536711
45 3579398
46 3560410
47 3579052
48 3458188
49 3636002
50 3582626
51 3629147
52 3613475
53 3579285
54 3462163
55 3615305
56 3579255
57 3607858
58 3616037
59 3460667
60 3559027
61 3622371
62 3669711
63 3490890
64 3506460
65 3680625
66 3668088
67 3674740
68 3486988
69 3708035
70 3729360
71 3734356
72 3750811
73 3737950
74 3529890
75 3672944
76 3529466
77 3779526
78 3600815
79 3813279
80 3576664
81 3841102
82 3696857
83 3551371
84 3851350
85 3733438
86 3558849
87 3571885
88 3937181
89 3955834
90 3972188
91 3980935
92 3657532
93 4051104
94 3896090
95 4077174
96 3664189
97 4132460
98 3852428
99 4205301
100 4253466
101 4240516
102 4277648
103 3773440
104 3936379
105 3792018
106 3799459
107 3860378
108 3842689
109 3884143
110 4477903
111 4481819
112 4495182
113 4508941
114 4526182
115 4535943
116 4285678
117 4561746
118 4474012
119 4644077
120 4488180
121 4258991
122 4266272
123 4287180
124 4750689
125 4522335
126 4606885
127 4531920
128 4399884
129 4576045
130 4476512
131 4160360
132 4401333
133 4329381
134 4298978
135 4283912
136 3935334
137 4212623
138 4209097
139 3823614
140 4133251
141 4143960
142 4100222
143 4084289
144 4042535
145 4056964
146 4067663
147 4006450
148 3923941
149 3991975
150 3672089
151 3952964
152 3946899
153 3629102
154 3639134
155 3920986
156 3633951
157 3772025
158 3616330
159 3778587
160 3734648
161 3853625
162 3672803
163 3762740
164 3625868
165 3782801
166 3676882
167 3753687
168 3752095
169 3771169
170 3539400
171 3729158
