0 7243097
1 7201219
2 7194063
3 7197359
4 7168962
5 7173647
6 7186126
7 7206841
8 7247291
9 7185248
10 7247706
11 7210826
12 7256159
13 7250466
14 7274446
15 7338912
16 7407358
17 7500314
18 7613326
19 8827785
20 8951672
21 9238413
22 9530775
23 11098134
24 11799744
25 12735307
26 13501171
27 14307489
28 14985023
29 15331385
30 14950979
31 14421431
32 13530457
33 12706603
34 11729995
35 11009513
36 10465404
37 9990736
38 9818499
39 8669441
40 8516257
41 8451531
42 8292042
43 8259945
44 8149060
45 8148266
46 8109645
47 8097208
48 8080213
49 8032472
50 8017684
51 8077169
52 8076127
53 8089505
54 8074626
55 8105588
56 8041147
57 8029575
58 8013740
59 8051678
60 8008332
61 7994456
62 7951646
63 7957565
64 7905909
65 7989303
66 8003083
67 7974030
68 8023856
69 8077954
70 8110622
71 8183383
72 8274767
73 8451649
74 8515967
75 8406833
76 8336863
77 8258780
78 8064329
79 8050900
80 8098842
81 8031236
82 8066426
83 8089437
84 8052212
85 7988888
86 7925304
87 7940072
88 7965474
89 7935200
90 8011612
91 8010138
92 7979172
93 7958530
94 7873366
95 8044189
96 7946092
97 7926148
98 8017965
99 8002631
100 8056620
101 8012313
102 7952352
103 8060391
104 8041151
105 7968939
106 8009926
107 8052919
108 8128089
109 8069193
110 8142419
111 8154104
112 8135807
113 8130943
114 8185460
115 8112773
116 8173849
117 8206664
118 8151527
119 8207184
120 8155051
121 8179350
122 8219874
123 8251532
124 8258577
125 8245748
126 8246063
127 8268699
128 8302757
129 8315458
130 8297785
131 8295328
132 8387534
133 8337536
134 8370266
135 8376087
136 8343648
137 8399241
138 8376357
139 8332319
140 7323937
141 7310735
142 7342825
143 7392005
144 7321723
145 7386360
146 7350391
147 7383131
148 7413909
149 7353943
150 7413685
151 7442845
152 7385694
153 7402074
154 7471479
155 7385182
156 7495085
157 7425140
158 7478605
159 7429087
160 7551032
161 7434248
162 7491198
163 7548145
164 7557836
165 7550788
166 7544716
167 7523622
168 7577532
169 7612795
