0 0.00001
1 0.00000
2 0.00019
3 0.00020
4 0.00044
5 0.00048
6 0.00062
7 0.00067
8 0.00087
9 0.00089
10 0.00115
11 0.00122
12 0.00128
13 0.00157
14 0.00170
15 0.00178
16 0.00186
17 0.00203
18 0.00220
19 0.00232
20 0.00231
21 0.00274
22 0.00280
23 0.00290
24 0.00325
25 0.00338
26 0.00352
27 0.00373
28 0.00365
29 0.00390
30 0.00411
31 0.00437
32 0.00436
33 0.00458
34 0.00488
35 0.00509
36 0.00518
37 0.00529
38 0.00562
39 0.00586
40 0.00591
41 0.00623
42 0.00640
43 0.00636
44 0.00678
45 0.00676
46 0.00709
47 0.00721
48 0.00746
49 0.00762
50 0.00780
51 0.00779
52 0.00830
53 0.00857
54 0.00870
55 0.00892
56 0.00920
57 0.00928
58 0.00938
59 0.00979
60 0.01007
61 0.01008
62 0.01021
63 0.01065
64 0.01087
65 0.01091
66 0.01126
67 0.01113
68 0.01175
69 0.01180
70 0.01239
71 0.01276
72 0.01286
73 0.01321
74 0.01193
75 0.01196
76 0.01222
77 0.01249
78 0.01269
79 0.01319
80 0.01351
81 0.01377
82 0.01396
83 0.01437
84 0.01500
85 0.01511
86 0.01529
87 0.01550
88 0.01591
89 0.01669
90 0.01697
91 0.01725
92 0.01747
93 0.01797
94 0.01826
95 0.01860
96 0.01901
97 0.01959
98 0.02012
99 0.02055
100 0.02080
101 0.02132
102 0.02181
103 0.02234
104 0.02346
105 0.02357
106 0.02417
107 0.02489
108 0.02552
109 0.02628
110 0.02670
111 0.02770
112 0.02778
113 0.02904
114 0.02950
115 0.03114
116 0.03186
117 0.03236
118 0.03338
119 0.03483
120 0.03521
121 0.03644
122 0.03794
123 0.03826
124 0.04000
125 0.04184
126 0.04305
127 0.04429
128 0.04456
129 0.04874
130 0.05005
131 0.05282
132 0.05385
133 0.05606
134 0.05911
135 0.06156
136 0.06409
137 0.06942
138 0.07307
139 0.07717
140 0.07996
141 0.08513
142 0.09181
143 0.09482
144 0.09935
145 0.09662
146 0.11523
147 0.12093
148 0.12442
149 0.13976
150 0.15356
151 0.17267
152 0.20135
153 0.22711
154 0.24490
155 0.31668
156 0.38254
157 0.45932
158 0.59655
159 0.73425
160 0.83530
161 1.00000
162 0.97769
163 0.84768
164 0.68258
165 0.50677
166 0.37655
