0 0.00029
1 0.00073
2 0.00001
3 0.00030
4 0.00034
5 0.00071
6 0.00015
7 0.00055
8 0.00055
9 0.00035
10 0.00039
11 0.00032
12 0.00041
13 0.00035
14 0.00036
15 0.00064
16 0.00000
17 0.00031
18 0.00041
19 0.00032
20 0.00065
21 0.00035
22 0.00025
23 0.00036
24 0.00045
25 0.00015
26 0.00105
27 0.00034
28 0.00029
29 0.00085
30 0.00012
31 0.00094
32 0.00029
33 0.00059
34 0.00064
35 0.00097
36 0.00095
37 0.00098
38 0.00123
39 0.00086
40 0.00133
41 0.00119
42 0.00108
43 0.00118
44 0.00122
45 0.00150
46 0.00145
47 0.00151
48 0.00111
49 0.00160
50 0.00140
51 0.00138
52 0.00957
53 0.00928
54 0.00981
55 0.00953
56 0.01056
57 0.01025
58 0.01030
59 0.01033
60 0.01015
61 0.01001
62 0.01067
63 0.01110
64 0.01113
65 0.01138
66 0.01088
67 0.01132
68 0.01153
69 0.01183
70 0.01227
71 0.01194
72 0.01252
73 0.01256
74 0.01210
75 0.01254
76 0.01322
77 0.01279
78 0.01308
79 0.01362
80 0.01378
81 0.01401
82 0.01454
83 0.01439
84 0.01489
85 0.01549
86 0.01615
87 0.01623
88 0.01680
89 0.01722
90 0.01729
91 0.01753
92 0.01801
93 0.01877
94 0.01882
95 0.01910
96 0.01969
97 0.02064
98 0.02117
99 0.02082
100 0.02194
101 0.02239
102 0.02342
103 0.02404
104 0.02439
105 0.02527
106 0.02584
107 0.02620
108 0.02726
109 0.02903
110 0.02915
111 0.03036
112 0.03208
113 0.03301
114 0.03441
115 0.03537
116 0.03842
117 0.03992
118 0.04183
119 0.04474
120 0.04757
121 0.04830
122 0.05103
123 0.05357
124 0.05654
125 0.05947
126 0.06240
127 0.06578
128 0.08151
129 0.08605
130 0.08981
131 0.09444
132 0.09619
133 0.10235
134 0.10632
135 0.11048
136 0.11629
137 0.12060
138 0.12632
139 0.13272
140 0.13912
141 0.14469
142 0.15062
143 0.15618
144 0.16388
145 0.17122
146 0.18053
147 0.18893
148 0.19720
149 0.20670
150 0.21736
151 0.22736
152 0.23690
153 0.25181
154 0.26729
155 0.29137
156 0.32540
157 0.37136
158 0.44755
159 0.56584
160 0.71521
161 0.88663
162 1.00000
163 0.98941
164 0.86453
165 0.68392
166 0.50944
