0 0.00000
1 0.00017
2 0.00113
3 0.00089
4 0.00127
5 0.00201
6 0.00254
7 0.00273
8 0.00149
9 0.00202
10 0.00212
11 0.00195
12 0.00329
13 0.00274
14 0.00297
15 0.00300
16 0.00242
17 0.00391
18 0.00341
19 0.00408
20 0.00311
21 0.00373
22 0.00421
23 0.00415
24 0.00488
25 0.00488
26 0.00533
27 0.00531
28 0.00628
29 0.00546
30 0.00624
31 0.00653
32 0.00714
33 0.00725
34 0.00793
35 0.00732
36 0.00795
37 0.00835
38 0.00881
39 0.00829
40 0.00947
41 0.00976
42 0.00955
43 0.01075
44 0.01109
45 0.01116
46 0.01208
47 0.01260
48 0.01320
49 0.01367
50 0.01429
51 0.01449
52 0.01471
53 0.01448
54 0.01589
55 0.01722
56 0.01760
57 0.01885
58 0.01990
59 0.02123
60 0.02114
61 0.02234
62 0.02342
63 0.02467
64 0.02630
65 0.02709
66 0.02930
67 0.03005
68 0.03254
69 0.03413
70 0.03531
71 0.03816
72 0.04083
73 0.04502
74 0.04656
75 0.04963
76 0.05289
77 0.05672
78 0.06141
79 0.06632
80 0.07182
81 0.07716
82 0.08379
83 0.09351
84 0.10267
85 0.11295
86 0.12612
87 0.14190
88 0.16220
89 0.18484
90 0.21222
91 0.24917
92 0.29217
93 0.36634
94 0.46216
95 0.57998
96 0.70947
97 0.84636
98 0.95242
99 1.00000
100 0.97431
101 0.92388
102 0.89505
103 0.88244
104 0.89425
105 0.92318
106 0.94610
107 0.93311
108 0.87586
109 0.80183
110 0.73259
111 0.68120
112 0.64618
113 0.62329
114 0.60738
115 0.59947
116 0.59046
117 0.57730
118 0.56285
119 0.54841
120 0.53456
121 0.51914
122 0.49770
123 0.47329
124 0.44283
125 0.40054
126 0.34464
127 0.28220
128 0.21594
129 0.15951
130 0.11697
131 0.09095
132 0.07310
133 0.06009
134 0.05173
135 0.04583
136 0.04031
137 0.03708
138 0.03358
139 0.03085
140 0.02917
141 0.02627
142 0.02440
143 0.02309
144 0.02092
145 0.02104
146 0.01895
147 0.01842
148 0.01644
149 0.01648
150 0.01518
151 0.01465
152 0.01360
153 0.01357
154 0.01269
155 0.01206
156 0.01094
157 0.01104
158 0.00921
159 0.00998
160 0.00900
161 0.00903
162 0.00846
163 0.00807
164 0.00718
165 0.00638
166 0.00710
