0 0.17318
1 0.17464
2 0.16971
3 0.17136
4 0.17368
5 0.17392
6 0.17404
7 0.17136
8 0.18918
9 0.21276
10 0.24399
11 0.27225
12 0.30616
13 0.34728
14 0.40023
15 0.46763
16 0.53047
17 0.59815
18 0.67613
19 0.77553
20 0.85168
21 0.90575
22 0.93565
23 0.96473
24 0.99202
25 1.00000
26 0.99783
27 0.96337
28 0.89439
29 0.84566
30 0.70905
31 0.64243
32 0.59090
33 0.54007
34 0.49480
35 0.44104
36 0.37951
37 0.33896
38 0.30419
39 0.28595
40 0.25754
41 0.23946
42 0.21335
43 0.19538
44 0.17874
45 0.16940
46 0.16082
47 0.15109
48 0.14231
49 0.13467
50 0.12953
51 0.12524
52 0.12227
53 0.11877
54 0.11298
55 0.10807
56 0.10821
57 0.10464
58 0.10200
59 0.09618
60 0.09699
61 0.09477
62 0.09388
63 0.09389
64 0.09001
65 0.08829
66 0.08854
67 0.08952
68 0.08848
69 0.08957
70 0.08871
71 0.08849
72 0.09073
73 0.09128
74 0.09297
75 0.09187
76 0.09731
77 0.10199
78 0.10483
79 0.11162
80 0.10971
81 0.10837
82 0.11731
83 0.11717
84 0.12426
85 0.13312
86 0.13406
87 0.15135
88 0.16123
89 0.17021
90 0.18852
91 0.21570
92 0.23880
93 0.27037
94 0.31311
95 0.35161
96 0.39209
97 0.41124
98 0.43678
99 0.46330
100 0.47685
101 0.49011
102 0.50583
103 0.52973
104 0.58891
105 0.64474
106 0.72798
107 0.81045
108 0.87250
109 0.88947
110 0.87907
111 0.84244
112 0.78680
113 0.74715
114 0.71648
115 0.67588
116 0.63471
117 0.59331
118 0.52981
119 0.44490
120 0.38338
121 0.31233
122 0.26296
123 0.23456
124 0.22655
125 0.20849
126 0.17733
127 0.17642
128 0.16011
129 0.15877
130 0.14459
131 0.14285
132 0.13117
133 0.11760
134 0.11129
135 0.09441
136 0.08264
137 0.07318
138 0.06310
139 0.05682
140 0.05182
141 0.04739
142 0.04256
143 0.03910
144 0.03681
145 0.03938
146 0.03212
147 0.02947
148 0.02882
149 0.02719
150 0.02626
151 0.02503
152 0.02001
153 0.01914
154 0.01888
155 0.01570
156 0.01279
157 0.01154
158 0.00838
159 0.00674
160 0.00244
161 0.00292
162 0.00294
163 0.00107
164 0.00097
165 0.00027
166 0.00000
