0 0.00035
1 0.00000
2 0.00137
3 0.00224
4 0.00358
5 0.00451
6 0.00555
7 0.00669
8 0.00803
9 0.00953
10 0.01140
11 0.01264
12 0.01470
13 0.01654
14 0.01859
15 0.02054
16 0.02278
17 0.02506
18 0.02765
19 0.03034
20 0.03333
21 0.03581
22 0.03915
23 0.04241
24 0.04497
25 0.04824
26 0.05148
27 0.05616
28 0.05988
29 0.06395
30 0.06891
31 0.07338
32 0.07845
33 0.08355
34 0.08900
35 0.09464
36 0.10047
37 0.10786
38 0.11583
39 0.12180
40 0.12968
41 0.13827
42 0.14707
43 0.15719
44 0.16936
45 0.17993
46 0.19168
47 0.20538
48 0.22144
49 0.23821
50 0.25457
51 0.27706
52 0.30354
53 0.33383
54 0.36079
55 0.39261
56 0.43317
57 0.46920
58 0.49756
59 0.53233
60 0.57447
61 0.60922
62 0.63287
63 0.64049
64 0.62607
65 0.59056
66 0.54225
67 0.49371
68 0.44399
69 0.39595
70 0.35470
71 0.32324
72 0.29270
73 0.26524
74 0.24275
75 0.22281
76 0.20514
77 0.18975
78 0.17737
79 0.16665
80 0.15583
81 0.14642
82 0.13909
83 0.13256
84 0.12654
85 0.12343
86 0.11996
87 0.11644
88 0.11382
89 0.11103
90 0.10968
91 0.10749
92 0.10638
93 0.10555
94 0.10419
95 0.10353
96 0.10322
97 0.10377
98 0.10487
99 0.10988
100 0.12150
101 0.14747
102 0.18531
103 0.23066
104 0.27414
105 0.32079
106 0.35346
107 0.35776
108 0.32243
109 0.26457
110 0.20910
111 0.16719
112 0.13528
113 0.11178
114 0.09355
115 0.08037
116 0.07179
117 0.06674
118 0.06392
119 0.06204
120 0.06076
121 0.06032
122 0.06048
123 0.06090
124 0.06246
125 0.06404
126 0.06743
127 0.07348
128 0.08459
129 0.10045
130 0.12612
131 0.17563
132 0.23740
133 0.29882
134 0.32334
135 0.29877
136 0.23644
137 0.17007
138 0.12711
139 0.10342
140 0.09047
141 0.08459
142 0.08301
143 0.08458
144 0.08775
145 0.09521
146 0.10384
147 0.11619
148 0.13187
149 0.15092
150 0.18299
151 0.20678
152 0.24967
153 0.29687
154 0.37103
155 0.47158
156 0.60293
157 0.76783
158 0.91489
159 1.00000
160 0.96163
161 0.79608
162 0.59894
163 0.43932
164 0.32169
165 0.23984
166 0.18011
