0 0.00000
1 0.00003
2 0.00007
3 0.00014
4 0.00017
5 0.00020
6 0.00029
7 0.00026
8 0.00033
9 0.00034
10 0.00040
11 0.00046
12 0.00049
13 0.00053
14 0.00049
15 0.00049
16 0.00049
17 0.00055
18 0.00059
19 0.00061
20 0.00061
21 0.00064
22 0.00064
23 0.00065
24 0.00069
25 0.00066
26 0.00071
27 0.00072
28 0.00081
29 0.00082
30 0.00082
31 0.00090
32 0.00088
33 0.00088
34 0.00090
35 0.00086
36 0.00089
37 0.00090
38 0.00093
39 0.00095
40 0.00104
41 0.00108
42 0.00113
43 0.00112
44 0.00117
45 0.00120
46 0.00119
47 0.00120
48 0.00119
49 0.00128
50 0.00126
51 0.00134
52 0.00137
53 0.00140
54 0.00145
55 0.00147
56 0.00143
57 0.00147
58 0.00150
59 0.00163
60 0.00162
61 0.00169
62 0.00175
63 0.00181
64 0.00184
65 0.00190
66 0.00194
67 0.00196
68 0.00200
69 0.00204
70 0.00209
71 0.00213
72 0.00219
73 0.00227
74 0.00236
75 0.00242
76 0.00246
77 0.00256
78 0.00259
79 0.00261
80 0.00268
81 0.00278
82 0.00281
83 0.00293
84 0.00299
85 0.00311
86 0.00319
87 0.00323
88 0.00326
89 0.00333
90 0.00341
91 0.00349
92 0.00360
93 0.00367
94 0.00374
95 0.00382
96 0.00392
97 0.00404
98 0.00411
99 0.00423
100 0.00438
101 0.00451
102 0.00470
103 0.00484
104 0.00498
105 0.00506
106 0.00518
107 0.00535
108 0.00546
109 0.00564
110 0.00581
111 0.00602
112 0.00624
113 0.00640
114 0.00670
115 0.00689
116 0.00713
117 0.00734
118 0.00764
119 0.00791
120 0.00822
121 0.00857
122 0.00898
123 0.00931
124 0.00968
125 0.01013
126 0.01061
127 0.01117
128 0.01167
129 0.01230
130 0.01297
131 0.01362
132 0.01443
133 0.01521
134 0.01611
135 0.01708
136 0.01831
137 0.01954
138 0.02103
139 0.02272
140 0.02465
141 0.02670
142 0.02895
143 0.03137
144 0.03475
145 0.03793
146 0.04226
147 0.04709
148 0.05294
149 0.05984
150 0.06842
151 0.08027
152 0.09344
153 0.11182
154 0.13529
155 0.16751
156 0.21133
157 0.27145
158 0.35995
159 0.46833
160 0.62482
161 0.78823
162 0.91537
163 1.00000
164 0.96352
165 0.82557
166 0.65630
