0 0.00002
1 0.00000
2 0.00002
3 0.00001
4 0.00003
5 0.00002
6 0.00001
7 0.00000
8 0.00000
9 0.00001
10 0.00003
11 0.00001
12 0.00001
13 0.00001
14 0.00001
15 0.00003
16 0.00003
17 0.00003
18 0.00002
19 0.00003
20 0.00001
21 0.00002
22 0.00003
23 0.00006
24 0.00005
25 0.00004
26 0.00004
27 0.00007
28 0.00007
29 0.00008
30 0.00008
31 0.00008
32 0.00010
33 0.00009
34 0.00011
35 0.00010
36 0.00011
37 0.00012
38 0.00013
39 0.00012
40 0.00014
41 0.00012
42 0.00017
43 0.00016
44 0.00020
45 0.00020
46 0.00019
47 0.00021
48 0.00023
49 0.00023
50 0.00023
51 0.00027
52 0.00026
53 0.00027
54 0.00030
55 0.00030
56 0.00033
57 0.00034
58 0.00032
59 0.00037
60 0.00039
61 0.00040
62 0.00041
63 0.00044
64 0.00050
65 0.00046
66 0.00048
67 0.00052
68 0.00053
69 0.00055
70 0.00056
71 0.00061
72 0.00061
73 0.00064
74 0.00066
75 0.00068
76 0.00069
77 0.00073
78 0.00076
79 0.00081
80 0.00081
81 0.00083
82 0.00085
83 0.00088
84 0.00091
85 0.00094
86 0.00098
87 0.00100
88 0.00105
89 0.00107
90 0.00111
91 0.00112
92 0.00116
93 0.00120
94 0.00127
95 0.00131
96 0.00135
97 0.00141
98 0.00146
99 0.00152
100 0.00158
101 0.00166
102 0.00173
103 0.00182
104 0.00190
105 0.00197
106 0.00207
107 0.00217
108 0.00230
109 0.00242
110 0.00256
111 0.00268
112 0.00280
113 0.00295
114 0.00312
115 0.00330
116 0.00348
117 0.00368
118 0.00391
119 0.00412
120 0.00440
121 0.00470
122 0.00504
123 0.00541
124 0.00575
125 0.00616
126 0.00663
127 0.00711
128 0.00765
129 0.00827
130 0.00898
131 0.00968
132 0.01046
133 0.01132
134 0.01224
135 0.01322
136 0.01454
137 0.01601
138 0.01759
139 0.01943
140 0.02154
141 0.02412
142 0.02706
143 0.03040
144 0.03461
145 0.03953
146 0.04524
147 0.05236
148 0.06163
149 0.07214
150 0.08608
151 0.10488
152 0.12954
153 0.16139
154 0.20478
155 0.26105
156 0.34480
157 0.45179
158 0.58404
159 0.73655
160 0.89040
161 0.98988
162 1.00000
163 0.91682
164 0.79885
165 0.64570
166 0.49046
