0 0.00017
1 0.00023
2 0.00049
3 0.00040
4 0.00015
5 0.00024
6 0.00010
7 0.00007
8 0.00026
9 0.00025
10 0.00009
11 0.00019
12 0.00012
13 0.00001
14 0.00025
15 0.00016
16 0.00021
17 0.00000
18 0.00018
19 0.00008
20 0.00019
21 0.00021
22 0.00018
23 0.00019
24 0.00034
25 0.00023
26 0.00033
27 0.00044
28 0.00038
29 0.00036
30 0.00047
31 0.00040
32 0.00038
33 0.00021
34 0.00022
35 0.00043
36 0.00038
37 0.00036
38 0.00033
39 0.00068
40 0.00039
41 0.00017
42 0.00032
43 0.00050
44 0.00033
45 0.00038
46 0.00043
47 0.00066
48 0.00058
49 0.00062
50 0.00065
51 0.00065
52 0.00072
53 0.00098
54 0.00087
55 0.00063
56 0.00089
57 0.00097
58 0.00093
59 0.00092
60 0.00099
61 0.00095
62 0.00114
63 0.00106
64 0.00120
65 0.00133
66 0.00132
67 0.00147
68 0.00150
69 0.00163
70 0.00143
71 0.00140
72 0.00149
73 0.00193
74 0.00193
75 0.00200
76 0.00215
77 0.00214
78 0.00252
79 0.00246
80 0.00232
81 0.00276
82 0.00289
83 0.00299
84 0.00315
85 0.00319
86 0.00349
87 0.00342
88 0.00360
89 0.00382
90 0.00401
91 0.00414
92 0.00453
93 0.00479
94 0.00459
95 0.00491
96 0.00510
97 0.00566
98 0.00585
99 0.00603
100 0.00636
101 0.00652
102 0.00690
103 0.00716
104 0.00759
105 0.00803
106 0.00853
107 0.00880
108 0.00954
109 0.00989
110 0.01037
111 0.01108
112 0.01184
113 0.01283
114 0.01355
115 0.01452
116 0.01574
117 0.01681
118 0.01834
119 0.01998
120 0.02190
121 0.02420
122 0.02695
123 0.02968
124 0.03371
125 0.03850
126 0.04460
127 0.05243
128 0.06334
129 0.07887
130 0.09902
131 0.12995
132 0.17973
133 0.26347
134 0.39954
135 0.62117
136 0.88757
137 1.00000
138 0.86231
139 0.59889
140 0.37472
141 0.23813
142 0.16017
143 0.11410
144 0.08580
145 0.06777
146 0.05453
147 0.04551
148 0.03910
149 0.03329
150 0.02945
151 0.02622
152 0.02329
153 0.02106
154 0.01927
155 0.01767
156 0.01597
157 0.01503
158 0.01422
159 0.01333
160 0.01221
161 0.01145
162 0.01054
163 0.00991
164 0.00928
165 0.00889
166 0.00841
