0 0.13617
1 0.14386
2 0.17824
3 0.20845
4 0.22526
5 0.26130
6 0.28960
7 0.33012
8 0.37510
9 0.41796
10 0.46412
11 0.50339
12 0.56187
13 0.62078
14 0.68815
15 0.75772
16 0.83061
17 0.90213
18 0.95123
19 0.98250
20 0.99840
21 1.00000
22 0.98989
23 0.96562
24 0.93134
25 0.88433
26 0.81229
27 0.72956
28 0.61235
29 0.51818
30 0.43691
31 0.36281
32 0.30752
33 0.25574
34 0.21608
35 0.18429
36 0.15949
37 0.14044
38 0.12476
39 0.11262
40 0.10147
41 0.09187
42 0.08411
43 0.07722
44 0.07147
45 0.06646
46 0.06214
47 0.05430
48 0.05073
49 0.04757
50 0.04468
51 0.04211
52 0.03957
53 0.03770
54 0.03564
55 0.03371
56 0.03211
57 0.03043
58 0.02886
59 0.02782
60 0.02688
61 0.02400
62 0.02305
63 0.02142
64 0.01999
65 0.01909
66 0.01821
67 0.01735
68 0.01688
69 0.01596
70 0.01502
71 0.01439
72 0.01381
73 0.01316
74 0.01264
75 0.01217
76 0.01175
77 0.01128
78 0.01052
79 0.01011
80 0.00962
81 0.00920
82 0.00868
83 0.00838
84 0.00805
85 0.00775
86 0.00735
87 0.00696
88 0.00672
89 0.00664
90 0.00622
91 0.00612
92 0.00568
93 0.00546
94 0.00534
95 0.00510
96 0.00492
97 0.00492
98 0.00444
99 0.00443
100 0.00453
101 0.00427
102 0.00426
103 0.00407
104 0.00376
105 0.00345
106 0.00358
107 0.00367
108 0.00345
109 0.00344
110 0.00332
111 0.00326
112 0.00314
113 0.00314
114 0.00300
115 0.00295
116 0.00301
117 0.00276
118 0.00268
119 0.00265
120 0.00236
121 0.00242
122 0.00228
123 0.00213
124 0.00203
125 0.00197
126 0.00198
127 0.00187
128 0.00180
129 0.00163
130 0.00168
131 0.00157
132 0.00133
133 0.00136
134 0.00141
135 0.00138
136 0.00132
137 0.00119
138 0.00129
139 0.00121
140 0.00115
141 0.00107
142 0.00094
143 0.00086
144 0.00083
145 0.00081
146 0.00084
147 0.00074
148 0.00071
149 0.00064
150 0.00062
151 0.00053
152 0.00050
153 0.00048
154 0.00038
155 0.00043
156 0.00031
157 0.00023
158 0.00022
159 0.00002
160 0.00017
161 0.00009
162 0.00010
163 0.00017
164 0.00004
165 0.00001
166 0.00000
