0 0.04937
1 0.05159
2 0.05800
3 0.06666
4 0.07386
5 0.08146
6 0.09135
7 0.10212
8 0.11557
9 0.13276
10 0.15142
11 0.17325
12 0.19873
13 0.23294
14 0.27449
15 0.32534
16 0.38712
17 0.45732
18 0.54240
19 0.64334
20 0.75885
21 0.87629
22 0.97156
23 1.00000
24 0.94824
25 0.84216
26 0.72966
27 0.62677
28 0.53270
29 0.44887
30 0.37724
31 0.31804
32 0.27426
33 0.23364
34 0.19926
35 0.17097
36 0.14812
37 0.12903
38 0.11248
39 0.09994
40 0.08927
41 0.07840
42 0.06967
43 0.06173
44 0.05454
45 0.04855
46 0.04284
47 0.03848
48 0.03416
49 0.03070
50 0.02790
51 0.02524
52 0.02272
53 0.02106
54 0.01927
55 0.01761
56 0.01609
57 0.01474
58 0.01335
59 0.01237
60 0.01132
61 0.01043
62 0.00962
63 0.00870
64 0.00803
65 0.00728
66 0.00703
67 0.00632
68 0.00588
69 0.00553
70 0.00506
71 0.00451
72 0.00432
73 0.00413
74 0.00354
75 0.00353
76 0.00334
77 0.00294
78 0.00279
79 0.00260
80 0.00223
81 0.00222
82 0.00197
83 0.00204
84 0.00173
85 0.00141
86 0.00145
87 0.00138
88 0.00117
89 0.00113
90 0.00122
91 0.00090
92 0.00104
93 0.00103
94 0.00070
95 0.00076
96 0.00039
97 0.00038
98 0.00047
99 0.00093
100 0.00104
101 0.00117
102 0.00116
103 0.00103
104 0.00106
105 0.00066
106 0.00080
107 0.00079
108 0.00107
109 0.00085
110 0.00121
111 0.00093
112 0.00100
113 0.00082
114 0.00096
115 0.00068
116 0.00093
117 0.00062
118 0.00047
119 0.00055
120 0.00065
121 0.00046
122 0.00023
123 0.00018
124 0.00073
125 0.00054
126 0.00044
127 0.00047
128 0.00051
129 0.00025
130 0.00068
131 0.00042
132 0.00033
133 0.00060
134 0.00050
135 0.00048
136 0.00028
137 0.00041
138 0.00036
139 0.00057
140 0.00047
141 0.00037
142 0.00046
143 0.00033
144 0.00019
145 0.00012
146 0.00014
147 0.00031
148 0.00026
149 0.00028
150 0.00014
151 0.00027
152 0.00001
153 0.00015
154 0.00009
155 0.00022
156 0.00037
157 0.00030
158 0.00032
159 0.00006
160 0.00012
161 0.00015
162 0.00029
163 0.00000
164 0.00001
165 0.00022
166 0.00005
