0 0.00000
1 0.00009
2 0.00029
3 0.00059
4 0.00055
5 0.00059
6 0.00039
7 0.00080
8 0.00068
9 0.00065
10 0.00065
11 0.00045
12 0.00099
13 0.00100
14 0.00067
15 0.00109
16 0.00105
17 0.00126
18 0.00157
19 0.00155
20 0.00155
21 0.00185
22 0.00163
23 0.00160
24 0.00181
25 0.00212
26 0.00218
27 0.00229
28 0.00249
29 0.00255
30 0.00259
31 0.00227
32 0.00288
33 0.00272
34 0.00284
35 0.00255
36 0.00263
37 0.00316
38 0.00280
39 0.00287
40 0.00327
41 0.00302
42 0.00328
43 0.00415
44 0.00383
45 0.00440
46 0.00473
47 0.00568
48 0.00575
49 0.00704
50 0.00756
51 0.00882
52 0.01021
53 0.01167
54 0.01349
55 0.01548
56 0.01770
57 0.02065
58 0.02518
59 0.03018
60 0.03994
61 0.05437
62 0.07723
63 0.10391
64 0.12426
65 0.13403
66 0.13778
67 0.13913
68 0.13641
69 0.13172
70 0.12504
71 0.11716
72 0.10668
73 0.09209
74 0.07651
75 0.06011
76 0.04684
77 0.03660
78 0.02965
79 0.02530
80 0.02055
81 0.01768
82 0.01612
83 0.01378
84 0.01185
85 0.01036
86 0.00903
87 0.00816
88 0.00686
89 0.00622
90 0.00540
91 0.00498
92 0.00432
93 0.00390
94 0.00328
95 0.00306
96 0.00346
97 0.00354
98 0.00284
99 0.00286
100 0.00326
101 0.00303
102 0.00320
103 0.00327
104 0.00334
105 0.00339
106 0.00367
107 0.00321
108 0.00332
109 0.00340
110 0.00351
111 0.00301
112 0.00321
113 0.00336
114 0.00293
115 0.00301
116 0.00307
117 0.00314
118 0.00364
119 0.00353
120 0.00345
121 0.00382
122 0.00359
123 0.00392
124 0.00374
125 0.00385
126 0.00363
127 0.00394
128 0.00397
129 0.00777
130 0.00784
131 0.00778
132 0.00823
133 0.00910
134 0.00803
135 0.00831
136 0.00890
137 0.00891
138 0.00883
139 0.00897
140 0.00940
141 0.00950
142 0.00994
143 0.01001
144 0.01055
145 0.01082
146 0.01119
147 0.01123
148 0.01143
149 0.01171
150 0.01221
151 0.01226
152 0.01334
153 0.01383
154 0.01391
155 0.01476
156 0.01585
157 0.01620
158 0.01664
159 0.01840
160 0.01896
161 0.02029
162 0.02168
163 0.02359
164 0.02584
165 0.02895
166 0.03249
167 0.03745
168 0.04625
169 0.05814
170 0.07885
171 0.11726
172 0.20327
173 0.31823
174 0.78597
175 1.00000
176 0.33432
177 0.13145
178 0.07455
179 0.05259
180 0.04366
181 0.03725
182 0.03187
183 0.02880
184 0.02711
185 0.02464
186 0.02209
187 0.02002
188 0.01920
189 0.01802
190 0.01678
191 0.01443
192 0.01385
193 0.01317
194 0.01268
195 0.01175
196 0.01133
197 0.01080
198 0.01006
199 0.00887
200 0.00804
201 0.00817
202 0.00771
203 0.00765
204 0.00799
205 0.00766
206 0.00745
207 0.00701
208 0.00687
209 0.00692
210 0.00651
211 0.00649
212 0.00614
213 0.00595
214 0.00562
215 0.00551
216 0.00546
217 0.00527
218 0.00518
219 0.00529
220 0.00519
221 0.00501
222 0.00476
223 0.00504
224 0.00463
225 0.00428
226 0.00470
227 0.00478
228 0.00458
229 0.00488
230 0.00502
