0 0.00015
1 0.00045
2 0.00047
3 0.00073
4 0.00020
5 0.00058
6 0.00022
7 0.00129
8 0.00077
9 0.00061
10 0.00058
11 0.00098
12 0.00000
13 0.00042
14 0.00096
15 0.00110
16 0.00083
17 0.00062
18 0.00109
19 0.00087
20 0.00050
21 0.00134
22 0.00126
23 0.00177
24 0.00177
25 0.00160
26 0.00150
27 0.00170
28 0.00167
29 0.00185
30 0.00206
31 0.00244
32 0.00179
33 0.00255
34 0.00263
35 0.00216
36 0.00302
37 0.00317
38 0.00297
39 0.00395
40 0.00376
41 0.00350
42 0.00384
43 0.00409
44 0.00460
45 0.00526
46 0.00514
47 0.00508
48 0.00556
49 0.00597
50 0.00563
51 0.00650
52 0.00675
53 0.00728
54 0.00745
55 0.00782
56 0.00859
57 0.00903
58 0.00918
59 0.01016
60 0.01093
61 0.01145
62 0.01163
63 0.01285
64 0.01322
65 0.01423
66 0.01529
67 0.01657
68 0.01727
69 0.01907
70 0.02001
71 0.02178
72 0.02325
73 0.02565
74 0.02800
75 0.02812
76 0.03152
77 0.03326
78 0.03742
79 0.04074
80 0.04530
81 0.04962
82 0.05472
83 0.06122
84 0.06821
85 0.07588
86 0.08604
87 0.09076
88 0.09633
89 0.12637
90 0.14505
91 0.16758
92 0.19713
93 0.24269
94 0.30330
95 0.37316
96 0.45560
97 0.55409
98 0.64626
99 0.73163
100 0.81525
101 0.85483
102 0.92628
103 0.98406
104 1.00000
105 0.96348
106 0.89449
107 0.80074
108 0.72977
109 0.67308
110 0.63575
111 0.60202
112 0.56985
113 0.54417
114 0.51936
115 0.49760
116 0.47855
117 0.46848
118 0.46175
119 0.45969
120 0.45635
121 0.44542
122 0.42816
123 0.40155
124 0.37701
125 0.34013
126 0.29456
127 0.24112
128 0.18417
129 0.13140
130 0.09295
131 0.06989
132 0.05375
133 0.04391
134 0.03635
135 0.03140
136 0.02709
137 0.02352
138 0.02174
139 0.01891
140 0.01730
141 0.01528
142 0.01412
143 0.01282
144 0.01185
145 0.01092
146 0.01012
147 0.00932
148 0.00774
149 0.00808
150 0.00736
151 0.00605
152 0.00609
153 0.00602
154 0.00532
155 0.00507
156 0.00420
157 0.00372
158 0.00355
159 0.00357
160 0.00390
161 0.00390
162 0.00390
163 0.00390
164 0.00390
165 0.00390
166 0.00390
