0 0.00420
1 0.00563
2 0.00169
3 0.00064
4 0.00232
5 0.00114
6 0.00110
7 0.00048
8 0.00000
9 0.00090
10 0.00067
11 0.00122
12 0.00058
13 0.00040
14 0.00227
15 0.00004
16 0.00176
17 0.00296
18 0.00231
19 0.00366
20 0.00335
21 0.00161
22 0.00411
23 0.00215
24 0.00273
25 0.00401
26 0.00611
27 0.00598
28 0.00343
29 0.00378
30 0.00626
31 0.00437
32 0.00577
33 0.00639
34 0.00594
35 0.00582
36 0.00520
37 0.00567
38 0.00501
39 0.00695
40 0.00617
41 0.00849
42 0.00891
43 0.00968
44 0.01016
45 0.01194
46 0.01206
47 0.01302
48 0.01399
49 0.01343
50 0.01601
51 0.01545
52 0.01502
53 0.01375
54 0.01328
55 0.01327
56 0.01323
57 0.01449
58 0.01294
59 0.01467
60 0.01655
61 0.01739
62 0.01822
63 0.02057
64 0.01906
65 0.02176
66 0.02335
67 0.02183
68 0.02495
69 0.02588
70 0.02743
71 0.02871
72 0.03070
73 0.03321
74 0.03475
75 0.03765
76 0.04001
77 0.04232
78 0.04535
79 0.04798
80 0.05254
81 0.05687
82 0.06325
83 0.06879
84 0.07461
85 0.07850
86 0.08519
87 0.09591
88 0.10883
89 0.12105
90 0.13906
91 0.15598
92 0.17939
93 0.21990
94 0.27353
95 0.33563
96 0.41261
97 0.52013
98 0.64290
99 0.78968
100 0.91250
101 1.00000
102 0.99495
103 0.93021
104 0.85560
105 0.79457
106 0.75809
107 0.73582
108 0.73064
109 0.71867
110 0.71997
111 0.71535
112 0.71203
113 0.70797
114 0.69983
115 0.69702
116 0.69253
117 0.69591
118 0.70595
119 0.71631
120 0.73879
121 0.77094
122 0.81514
123 0.85158
124 0.86497
125 0.83808
126 0.76008
127 0.67251
128 0.59240
129 0.53453
130 0.48889
131 0.45641
132 0.42327
133 0.39552
134 0.36865
135 0.34505
136 0.32031
137 0.29303
138 0.26613
139 0.23144
140 0.19301
141 0.15392
142 0.11777
143 0.09357
144 0.07508
145 0.06017
146 0.05140
147 0.04680
148 0.04141
149 0.03846
150 0.03493
151 0.03060
152 0.02852
153 0.02683
154 0.02470
155 0.02330
156 0.02121
157 0.02044
158 0.01920
159 0.01864
160 0.01742
161 0.01742
162 0.01742
163 0.01742
164 0.01742
165 0.01742
166 0.01742
