0 0.00006
1 0.00149
2 0.00000
3 0.00363
4 0.00403
5 0.00025
6 0.00253
7 0.00482
8 0.00191
9 0.00263
10 0.00437
11 0.00493
12 0.00594
13 0.00452
14 0.00795
15 0.00500
16 0.00771
17 0.00699
18 0.00683
19 0.00909
20 0.01039
21 0.00800
22 0.01143
23 0.01196
24 0.01420
25 0.01068
26 0.01297
27 0.01465
28 0.01498
29 0.01456
30 0.01541
31 0.01870
32 0.02064
33 0.01852
34 0.01950
35 0.02131
36 0.02497
37 0.02293
38 0.02486
39 0.02618
40 0.02608
41 0.03142
42 0.03071
43 0.03151
44 0.03281
45 0.03373
46 0.03689
47 0.04005
48 0.04024
49 0.04422
50 0.04585
51 0.04603
52 0.04655
53 0.05091
54 0.05526
55 0.05903
56 0.05801
57 0.06292
58 0.06606
59 0.06838
60 0.07648
61 0.07556
62 0.08220
63 0.08699
64 0.09230
65 0.09873
66 0.10685
67 0.11033
68 0.11618
69 0.12428
70 0.12997
71 0.13837
72 0.15290
73 0.16643
74 0.17938
75 0.19101
76 0.20536
77 0.22511
78 0.24329
79 0.27002
80 0.30800
81 0.35693
82 0.41870
83 0.49561
84 0.59706
85 0.72026
86 0.84244
87 0.95801
88 1.00000
89 0.95387
90 0.85959
91 0.71852
92 0.58262
93 0.46807
94 0.37524
95 0.31985
96 0.28012
97 0.25332
98 0.22884
99 0.21358
100 0.19642
101 0.18149
102 0.17218
103 0.16615
104 0.15491
105 0.15103
106 0.14909
107 0.13292
108 0.12437
109 0.11746
110 0.10770
111 0.10496
112 0.09818
113 0.09181
114 0.09019
115 0.08536
116 0.08057
117 0.07984
118 0.07504
119 0.07462
120 0.06921
121 0.06747
122 0.06706
123 0.06748
124 0.06364
125 0.06711
126 0.06943
127 0.06576
128 0.07211
129 0.07818
130 0.08783
131 0.09938
132 0.11589
133 0.15141
134 0.20512
135 0.28311
136 0.35966
137 0.40657
138 0.37685
139 0.28594
140 0.18784
141 0.12928
142 0.09894
143 0.08085
144 0.07180
145 0.06378
146 0.05895
147 0.05531
148 0.05345
149 0.05415
150 0.05583
151 0.06025
152 0.06435
153 0.07184
154 0.08540
155 0.10214
156 0.12637
157 0.16278
158 0.20026
159 0.23624
160 0.25237
161 0.24141
162 0.19630
163 0.15081
164 0.11573
165 0.08870
166 0.06826
