0 0.00000
1 0.00001
2 0.00030
3 0.00048
4 0.00098
5 0.00072
6 0.00087
7 0.00082
8 0.00062
9 0.00122
10 0.00125
11 0.00129
12 0.00163
13 0.00126
14 0.00181
15 0.00168
16 0.00188
17 0.00252
18 0.00233
19 0.00255
20 0.00277
21 0.00267
22 0.00294
23 0.00291
24 0.00319
25 0.00335
26 0.00369
27 0.00358
28 0.00394
29 0.00399
30 0.00412
31 0.00440
32 0.00456
33 0.00475
34 0.00507
35 0.00516
36 0.00543
37 0.00588
38 0.00612
39 0.00618
40 0.00640
41 0.00679
42 0.00726
43 0.00745
44 0.00815
45 0.00838
46 0.00885
47 0.00935
48 0.00973
49 0.01004
50 0.01075
51 0.01142
52 0.01164
53 0.01238
54 0.01286
55 0.01383
56 0.01418
57 0.01488
58 0.01549
59 0.01652
60 0.01708
61 0.01796
62 0.01866
63 0.01959
64 0.02070
65 0.02164
66 0.02289
67 0.02407
68 0.02534
69 0.02640
70 0.02791
71 0.02931
72 0.03104
73 0.03318
74 0.03523
75 0.03732
76 0.03973
77 0.04227
78 0.04525
79 0.04861
80 0.05200
81 0.05597
82 0.06027
83 0.06554
84 0.07092
85 0.07733
86 0.08501
87 0.09345
88 0.10390
89 0.11634
90 0.13021
91 0.14707
92 0.16676
93 0.19574
94 0.23263
95 0.27829
96 0.33295
97 0.41022
98 0.50587
99 0.62963
100 0.77495
101 0.92594
102 1.00000
103 0.89991
104 0.70501
105 0.53483
106 0.41713
107 0.33262
108 0.26806
109 0.22066
110 0.18689
111 0.15922
112 0.13728
113 0.11934
114 0.10514
115 0.09300
116 0.08241
117 0.07499
118 0.06759
119 0.06190
120 0.05668
121 0.05197
122 0.04766
123 0.04414
124 0.04122
125 0.03861
126 0.03591
127 0.03382
128 0.03156
129 0.02962
130 0.02767
131 0.02622
132 0.02456
133 0.02305
134 0.02207
135 0.02073
136 0.01963
137 0.01864
138 0.01777
139 0.01688
140 0.01590
141 0.01530
142 0.01440
143 0.01362
144 0.01303
145 0.01253
146 0.01195
147 0.01100
148 0.01042
149 0.00960
150 0.00935
151 0.00888
152 0.00840
153 0.00768
154 0.00705
155 0.00675
156 0.00663
157 0.00600
158 0.00565
159 0.00554
160 0.00516
161 0.00489
162 0.00448
163 0.00426
164 0.00390
165 0.00354
166 0.00341
