0 0.09854
1 0.09891
2 0.11550
3 0.12813
4 0.13990
5 0.15370
6 0.16812
7 0.18344
8 0.20079
9 0.21714
10 0.23050
11 0.24358
12 0.25586
13 0.26705
14 0.27966
15 0.29307
16 0.30679
17 0.32207
18 0.33688
19 0.35266
20 0.36795
21 0.38281
22 0.39547
23 0.40934
24 0.41858
25 0.42760
26 0.43128
27 0.43386
28 0.43124
29 0.42370
30 0.41033
31 0.39426
32 0.37966
33 0.36501
34 0.35282
35 0.34483
36 0.34223
37 0.33964
38 0.34255
39 0.34952
40 0.35399
41 0.35832
42 0.36137
43 0.36858
44 0.38233
45 0.40042
46 0.42306
47 0.44997
48 0.49273
49 0.55477
50 0.64213
51 0.73842
52 0.82448
53 0.87262
54 0.90622
55 0.94434
56 0.96344
57 0.95912
58 0.95304
59 0.96529
60 0.98413
61 0.99577
62 1.00000
63 0.99007
64 0.97579
65 0.95020
66 0.91537
67 0.86626
68 0.78777
69 0.69123
70 0.62488
71 0.56053
72 0.52100
73 0.50619
74 0.50546
75 0.51187
76 0.52591
77 0.55169
78 0.58270
79 0.61016
80 0.60840
81 0.56887
82 0.49348
83 0.39306
84 0.29691
85 0.21417
86 0.15303
87 0.11104
88 0.08326
89 0.06582
90 0.05290
91 0.04306
92 0.03455
93 0.02915
94 0.02436
95 0.02104
96 0.01859
97 0.01633
98 0.01513
99 0.01387
100 0.01160
101 0.01104
102 0.01018
103 0.00964
104 0.00858
105 0.00782
106 0.00680
107 0.00669
108 0.00649
109 0.00537
110 0.00465
111 0.00593
112 0.00514
113 0.00512
114 0.00473
115 0.00468
116 0.00475
117 0.00442
118 0.00405
119 0.00474
120 0.00399
121 0.00407
122 0.00329
123 0.00337
124 0.00381
125 0.00380
126 0.00276
127 0.00304
128 0.00264
129 0.00283
130 0.00287
131 0.00237
132 0.00211
133 0.00239
134 0.00172
135 0.00176
136 0.00194
137 0.00175
138 0.00179
139 0.00167
140 0.00164
141 0.00137
142 0.00144
143 0.00165
144 0.00089
145 0.00113
146 0.00087
147 0.00158
148 0.00152
149 0.00161
150 0.00149
151 0.00057
152 0.00027
153 0.00091
154 0.00091
155 0.00069
156 0.00012
157 0.00064
158 0.00088
159 0.00108
160 0.00069
161 0.00045
162 0.00050
163 0.00007
164 0.00046
165 0.00035
166 0.00000
