0 0.03369
1 0.03589
2 0.03535
3 0.03290
4 0.03422
5 0.03271
6 0.03292
7 0.03386
8 0.03223
9 0.03148
10 0.02880
11 0.02981
12 0.02992
13 0.03023
14 0.03029
15 0.02784
16 0.02812
17 0.03165
18 0.02944
19 0.02877
20 0.02755
21 0.02775
22 0.02442
23 0.02716
24 0.02620
25 0.02818
26 0.02710
27 0.02600
28 0.02738
29 0.02556
30 0.02386
31 0.02589
32 0.02684
33 0.02559
34 0.02610
35 0.02705
36 0.02673
37 0.02610
38 0.02808
39 0.02558
40 0.02573
41 0.02545
42 0.02243
43 0.02337
44 0.02370
45 0.02428
46 0.02289
47 0.02337
48 0.02393
49 0.02347
50 0.02432
51 0.02604
52 0.02311
53 0.02357
54 0.02243
55 0.02290
56 0.02150
57 0.02084
58 0.02217
59 0.02282
60 0.02233
61 0.02120
62 0.02380
63 0.02093
64 0.02531
65 0.02312
66 0.02288
67 0.02285
68 0.02246
69 0.02250
70 0.02355
71 0.02301
72 0.02100
73 0.02352
74 0.02480
75 0.02097
76 0.02117
77 0.02193
78 0.01807
79 0.02001
80 0.01892
81 0.01995
82 0.01991
83 0.01589
84 0.01749
85 0.01917
86 0.01541
87 0.01304
88 0.01509
89 0.01060
90 0.01454
91 0.01122
92 0.01170
93 0.01131
94 0.01219
95 0.01036
96 0.01307
97 0.00900
98 0.00836
99 0.00950
100 0.01293
101 0.00872
102 0.00797
103 0.00391
104 0.00464
105 0.00321
106 0.00507
107 0.00729
108 0.00286
109 0.00580
110 0.00440
111 0.00489
112 0.00499
113 0.00472
114 0.00133
115 0.00394
116 0.00152
117 0.00133
118 0.00465
119 0.00268
120 0.00284
121 0.00091
122 0.00337
123 0.00117
124 0.00192
125 0.00433
126 0.00144
127 0.00391
128 0.00432
129 0.00313
130 0.00245
131 0.00337
132 0.00382
133 0.00128
134 0.00091
135 0.00198
136 0.00542
137 0.00080
138 0.00073
139 0.00338
140 0.00258
141 0.00177
142 0.00277
143 0.00260
144 0.00000
145 0.00213
146 0.00538
147 0.00395
148 0.00314
149 0.00029
150 0.00155
151 0.00189
152 0.00267
153 0.00259
154 0.00345
155 0.00357
156 0.00382
157 0.00303
158 0.00237
159 0.00461
160 0.00264
161 0.00516
162 0.00240
163 0.00493
164 0.00650
165 0.00518
166 0.00505
167 0.00480
168 0.00584
169 0.00848
170 0.00647
171 0.00527
172 0.00396
173 0.00560
174 0.00793
175 0.00462
176 0.00963
177 0.01058
178 0.01037
179 0.01157
180 0.00983
181 0.00864
182 0.00949
183 0.01162
184 0.01327
185 0.01264
186 0.01334
187 0.01442
188 0.01521
189 0.01328
190 0.01884
191 0.01632
192 0.01859
193 0.01717
194 0.01867
195 0.02258
196 0.02334
197 0.02380
198 0.02685
199 0.02707
200 0.02808
201 0.03132
202 0.03053
203 0.03334
204 0.03759
205 0.04144
206 0.04389
207 0.04773
208 0.05201
209 0.05464
210 0.06161
211 0.06258
212 0.07026
213 0.07830
214 0.08585
215 0.09479
216 0.10763
217 0.12620
218 0.14285
219 0.17058
220 0.20462
221 0.26014
222 0.33513
223 0.48223
224 0.77262
225 1.00000
226 0.65112
227 0.43281
228 0.30273
229 0.23442
230 0.18815
