0 0.06797
1 0.07259
2 0.08914
3 0.10912
4 0.12853
5 0.15404
6 0.17696
7 0.20488
8 0.23768
9 0.27785
10 0.32500
11 0.37376
12 0.42857
13 0.49480
14 0.56593
15 0.64966
16 0.74909
17 0.84477
18 0.93346
19 0.99016
20 1.00000
21 0.96334
22 0.89910
23 0.83216
24 0.76192
25 0.68640
26 0.61902
27 0.56240
28 0.51277
29 0.47236
30 0.43920
31 0.40835
32 0.38291
33 0.35619
34 0.32213
35 0.28603
36 0.24423
37 0.20032
38 0.15827
39 0.12122
40 0.09338
41 0.06981
42 0.05162
43 0.03829
44 0.02864
45 0.02112
46 0.01645
47 0.01429
48 0.01174
49 0.00917
50 0.00762
51 0.00698
52 0.00607
53 0.00546
54 0.00513
55 0.00410
56 0.00345
57 0.00302
58 0.00247
59 0.00246
60 0.00241
61 0.00185
62 0.00198
63 0.00168
64 0.00116
65 0.00094
66 0.00076
67 0.00080
68 0.00055
69 0.00076
70 0.00112
71 0.00102
72 0.00133
73 0.00143
74 0.00081
75 0.00126
76 0.00096
77 0.00095
78 0.00138
79 0.00128
80 0.00116
81 0.00118
82 0.00124
83 0.00136
84 0.00160
85 0.00153
86 0.00163
87 0.00198
88 0.00199
89 0.00150
90 0.00190
91 0.00161
92 0.00177
93 0.00143
94 0.00183
95 0.00164
96 0.00184
97 0.00173
98 0.00117
99 0.00148
100 0.00136
101 0.00163
102 0.00139
103 0.00134
104 0.00080
105 0.00167
106 0.00066
107 0.00057
108 0.00047
109 0.00070
110 0.00073
111 0.00043
112 0.00041
113 0.00016
114 0.00000
115 0.00011
116 0.00014
117 0.00021
118 0.00035
119 0.00071
120 0.00128
121 0.00184
122 0.00256
123 0.00340
124 0.00416
125 0.00527
126 0.00619
127 0.00725
128 0.00832
129 0.00999
130 0.01119
131 0.01269
132 0.01412
133 0.01614
134 0.01817
135 0.02036
136 0.02410
137 0.02710
138 0.03116
139 0.03563
140 0.04034
141 0.04637
142 0.05322
143 0.06052
144 0.06976
145 0.08134
146 0.09529
147 0.11283
148 0.13587
149 0.16581
150 0.20895
151 0.26684
152 0.34257
153 0.44376
154 0.56528
155 0.68942
156 0.79590
157 0.83689
158 0.78935
159 0.67696
160 0.52823
161 0.38815
162 0.28721
163 0.21574
164 0.16802
165 0.12988
166 0.10328
