0 0.00006
1 0.00029
2 0.00000
3 0.00174
4 0.00230
5 0.00307
6 0.00325
7 0.00339
8 0.00298
9 0.00277
10 0.00294
11 0.00341
12 0.00391
13 0.00436
14 0.00430
15 0.00468
16 0.00524
17 0.00526
18 0.00557
19 0.00627
20 0.00671
21 0.00727
22 0.00785
23 0.00760
24 0.00890
25 0.00886
26 0.01003
27 0.00946
28 0.01025
29 0.01124
30 0.01164
31 0.01298
32 0.01305
33 0.01297
34 0.01446
35 0.01460
36 0.01537
37 0.01594
38 0.01731
39 0.01832
40 0.01825
41 0.01921
42 0.02038
43 0.02065
44 0.02208
45 0.02268
46 0.02358
47 0.02510
48 0.02550
49 0.02740
50 0.02821
51 0.02914
52 0.03101
53 0.03218
54 0.03316
55 0.03506
56 0.03611
57 0.03793
58 0.03854
59 0.03977
60 0.04335
61 0.04517
62 0.04732
63 0.05049
64 0.05273
65 0.05669
66 0.05885
67 0.06210
68 0.06465
69 0.06842
70 0.07155
71 0.07565
72 0.08005
73 0.08523
74 0.09084
75 0.09628
76 0.10283
77 0.11073
78 0.11866
79 0.12775
80 0.13883
81 0.15170
82 0.16723
83 0.18497
84 0.20740
85 0.23224
86 0.26188
87 0.29813
88 0.34537
89 0.39958
90 0.46452
91 0.54967
92 0.64541
93 0.75164
94 0.85110
95 0.94545
96 0.99832
97 1.00000
98 0.96780
99 0.87462
100 0.75220
101 0.63245
102 0.52618
103 0.44893
104 0.38558
105 0.33148
106 0.29117
107 0.25885
108 0.22833
109 0.20234
110 0.18282
111 0.16615
112 0.15312
113 0.13896
114 0.12952
115 0.11980
116 0.11065
117 0.10301
118 0.09613
119 0.09115
120 0.08441
121 0.07987
122 0.07474
123 0.07061
124 0.06664
125 0.06339
126 0.05945
127 0.05591
128 0.05273
129 0.04978
130 0.04689
131 0.04424
132 0.04201
133 0.03962
134 0.03763
135 0.03628
136 0.03419
137 0.03269
138 0.02998
139 0.02948
140 0.02712
141 0.02622
142 0.02459
143 0.02305
144 0.02258
145 0.02050
146 0.01994
147 0.02020
148 0.01787
149 0.01649
150 0.01522
151 0.01495
152 0.01415
153 0.01295
154 0.01198
155 0.01079
156 0.01041
157 0.00981
158 0.00826
159 0.00746
160 0.00647
161 0.00570
162 0.00477
163 0.00422
164 0.00353
165 0.00332
166 0.00239
