0 0.00464
1 0.00665
2 0.00630
3 0.00727
4 0.00795
5 0.00771
6 0.00737
7 0.00893
8 0.00618
9 0.00906
10 0.00822
11 0.01257
12 0.00933
13 0.01023
14 0.01042
15 0.01015
16 0.01120
17 0.01070
18 0.01177
19 0.01247
20 0.01405
21 0.01170
22 0.01333
23 0.01211
24 0.01331
25 0.01730
26 0.01391
27 0.01459
28 0.01474
29 0.01754
30 0.01816
31 0.01768
32 0.01913
33 0.01892
34 0.02005
35 0.02333
36 0.01978
37 0.02194
38 0.02405
39 0.02316
40 0.02536
41 0.02525
42 0.02544
43 0.02884
44 0.03036
45 0.03299
46 0.03207
47 0.03471
48 0.03766
49 0.04170
50 0.04338
51 0.04634
52 0.05118
53 0.05610
54 0.06196
55 0.06923
56 0.08270
57 0.09817
58 0.12209
59 0.15699
60 0.21474
61 0.29211
62 0.41561
63 0.59523
64 0.80219
65 0.97357
66 1.00000
67 0.87280
68 0.70542
69 0.53758
70 0.38405
71 0.26640
72 0.19260
73 0.14676
74 0.11542
75 0.09332
76 0.07900
77 0.06870
78 0.05946
79 0.05147
80 0.04521
81 0.04196
82 0.03762
83 0.03684
84 0.03407
85 0.03227
86 0.02988
87 0.02681
88 0.02993
89 0.02618
90 0.02284
91 0.02183
92 0.02274
93 0.02009
94 0.01762
95 0.01788
96 0.01954
97 0.01862
98 0.01710
99 0.01673
100 0.01538
101 0.01566
102 0.01616
103 0.01596
104 0.01224
105 0.01466
106 0.01184
107 0.01314
108 0.01169
109 0.01208
110 0.01227
111 0.01101
112 0.01009
113 0.00951
114 0.01190
115 0.01146
116 0.01088
117 0.01750
118 0.00894
119 0.00879
120 0.00817
121 0.00908
122 0.00708
123 0.00813
124 0.00944
125 0.00908
126 0.00844
127 0.00753
128 0.00708
129 0.00759
130 0.00661
131 0.00673
132 0.00750
133 0.00506
134 0.00404
135 0.00530
136 0.00782
137 0.00507
138 0.00542
139 0.00613
140 0.00509
141 0.00421
142 0.00528
143 0.00553
144 0.00424
145 0.00433
146 0.00454
147 0.00389
148 0.00279
149 0.00383
150 0.00302
151 0.00586
152 0.00311
153 0.00188
154 0.00176
155 0.00407
156 0.00249
157 0.00359
158 0.00087
159 0.00409
160 0.00247
161 0.00351
162 0.00000
163 0.00213
164 0.00316
165 0.00190
166 0.00063
