0 394631
1 394162
2 395703
3 397429
4 397353
5 400245
6 399083
7 402540
8 405636
9 410043
10 404825
11 412989
12 414098
13 414223
14 414022
15 415794
16 419175
17 423337
18 424122
19 429860
20 432270
21 430543
22 434203
23 434135
24 437424
25 440979
26 442608
27 446185
28 449728
29 451347
30 456930
31 458915
32 461128
33 462072
34 465993
35 469952
36 474104
37 477105
38 482267
39 485175
40 493885
41 487388
42 495474
43 499392
44 504469
45 506629
46 512456
47 514934
48 516709
49 523784
50 532017
51 537237
52 545225
53 547915
54 551696
55 559870
56 564493
57 574285
58 576467
59 584528
60 588523
61 593412
62 598677
63 610077
64 617786
65 621978
66 628466
67 637132
68 644513
69 652234
70 665281
71 671606
72 679001
73 688827
74 701722
75 713650
76 723960
77 736741
78 754926
79 764975
80 774191
81 792086
82 806647
83 826874
84 846747
85 862978
86 880424
87 899942
88 926279
89 945308
90 966786
91 982289
92 1016372
93 1044688
94 1068986
95 1099295
96 1142939
97 1172985
98 1208017
99 1235452
100 1281452
101 1324612
102 1381062
103 1428225
104 1476927
105 1536275
106 1587238
107 1654659
108 1723893
109 1791212
110 1859217
111 1923920
112 2005101
113 2088225
114 2166604
115 2297404
116 2381046
117 2514272
118 2621626
119 2763411
120 2915762
121 3069861
122 3240920
123 3395788
124 3571482
125 3792697
126 4020915
127 4281271
128 4575262
129 4904565
130 5212340
131 5585186
132 6032468
133 6482532
134 6984579
135 7549833
136 8266328
137 9043873
138 10031651
139 11198543
140 12389698
141 13838413
142 15532302
143 17789172
144 20522932
145 24202071
146 28663092
147 34564603
148 42319623
149 55068851
150 72766578
151 95926423
152 123572042
153 151722782
154 176233211
155 196233060
156 201186512
157 182668532
158 148387861
159 110004203
160 77173549
161 55511963
162 40726306
163 31323603
164 24093226
165 19315133
166 16040112
