0 6683851
1 6989601
2 8852758
3 10559507
4 12300880
5 14413418
6 16921536
7 19842394
8 22894826
9 24720923
10 25294850
11 24875527
12 23688984
13 21233987
14 19169853
15 18868702
16 17413636
17 15628281
18 13960440
19 12421604
20 11130243
21 10016847
22 9036958
23 8215270
24 7440605
25 6804234
26 6166589
27 5620616
28 5194634
29 4780965
30 4489066
31 4282984
32 3852620
33 3667245
34 3462835
35 3287413
36 3015177
37 2762340
38 2640791
39 2540580
40 2445255
41 2353682
42 2270876
43 2198629
44 2138640
45 2066797
46 2014097
47 1954399
48 1898098
49 1850142
50 1800057
51 1753305
52 1711419
53 1654396
54 1585085
55 1510390
56 1434250
57 1437827
58 1412064
59 1385858
60 1360117
61 1333200
62 1322150
63 1301496
64 1275898
65 1259091
66 1251694
67 1237670
68 1213011
69 1200933
70 1180839
71 1166271
72 1158668
73 1132709
74 1122223
75 1108173
76 1092478
77 1076033
78 1058838
79 1044138
80 1035580
81 1028020
82 1019830
83 1010934
84 1011812
85 983552
86 983037
87 978216
88 972449
89 970888
90 956235
91 940567
92 930433
93 897884
94 894043
95 880542
96 880096
97 869966
98 861774
99 852328
100 839044
101 838744
102 828252
103 821320
104 805950
105 799550
106 795394
107 782924
108 774523
109 769775
110 757814
111 752165
112 745959
113 741963
114 734404
115 729817
116 716406
117 714363
118 705896
119 706099
120 694211
121 688827
122 681167
123 680026
124 672431
125 670680
126 666096
127 662666
128 657127
129 655781
130 641924
131 648308
132 644635
133 637323
134 638123
135 635320
136 630636
137 633757
138 626686
139 625066
140 621516
141 615810
142 611928
143 611913
144 612008
145 603624
146 606771
147 604207
148 604993
149 603664
150 602518
151 602706
152 596484
153 593961
154 588821
155 588256
156 583772
157 587817
158 584165
159 579573
160 577127
161 579694
162 574360
163 576411
164 579399
165 570821
166 575311
