0 2737723
1 2759852
2 2741054
3 2752270
4 2759050
5 2778367
6 2770821
7 2754212
8 2752519
9 2759229
10 2773515
11 2762047
12 2803282
13 2799763
14 3285873
15 3289586
16 3296961
17 3309889
18 3324701
19 3319293
20 3312190
21 3330442
22 3330595
23 3341142
24 3332086
25 3332063
26 3359052
27 3364673
28 3335935
29 3341564
30 3361821
31 3375242
32 3349623
33 3367987
34 3353833
35 3352597
36 3360245
37 3375843
38 3377340
39 3395790
40 3360055
41 3387289
42 3391307
43 3382670
44 3383087
45 3399558
46 3573167
47 3576430
48 3573375
49 3601251
50 3576953
51 3603573
52 3622438
53 3632961
54 3630370
55 3634491
56 3667206
57 3650483
58 3952852
59 3966679
60 3951778
61 3990086
62 3980626
63 3976273
64 3981317
65 4001424
66 3967138
67 4012321
68 3999788
69 3997200
70 4019976
71 4023192
72 4020157
73 4026519
74 4046915
75 4052853
76 4065895
77 4059539
78 4072759
79 4059439
80 4083972
81 4113535
82 4113078
83 4134427
84 4121772
85 4127415
86 4151333
87 4161910
88 4163618
89 4214455
90 4202434
91 4237934
92 4226054
93 4423661
94 4426472
95 4462909
96 4475204
97 4519141
98 4534169
99 4527499
100 4555611
101 4576895
102 4595377
103 4617259
104 4654082
105 4695572
106 4695954
107 4733013
108 4753076
109 4800180
110 4819508
111 4867175
112 4891251
113 4972861
114 5017662
115 5065505
116 5113563
117 5216509
118 5275269
119 5332188
120 5419888
121 5476540
122 5583248
123 5714831
124 5778653
125 5866881
126 5986578
127 6143495
128 6290301
129 6373273
130 6612069
131 6760677
132 6939825
133 7148677
134 7355670
135 7574945
136 7709901
137 8142886
138 8426766
139 9272166
140 9521477
141 9839820
142 10159443
143 10555610
144 10903252
145 11534467
146 12050220
147 12747156
148 13367494
149 13821558
150 14355034
151 14726637
152 15129333
153 15595731
154 16356466
155 17309177
156 18453981
157 20170526
158 23102842
159 27764492
160 33812340
161 42168494
162 50173801
163 53611251
164 50521479
165 42460003
166 32709493
