0 6813471
1 6849727
2 6790743
3 6813950
4 6817874
5 6847933
6 6801734
7 6834752
8 6835160
9 6818593
10 6821805
11 6816394
12 6823822
13 6818505
14 6818919
15 6842362
16 6789523
17 6815474
18 6823810
19 6815968
20 6843593
21 6818109
22 6809903
23 6819481
24 6826519
25 6802323
26 6876659
27 6817825
28 6813376
29 6859815
30 6799463
31 6867657
32 6813677
33 6837993
34 6842660
35 6869886
36 6867955
37 6870538
38 6891524
39 6860572
40 6899901
41 6887692
42 6879136
43 6887579
44 6890285
45 6913411
46 6909567
47 6914539
48 6881170
49 6921846
50 6905130
51 6903482
52 7582021
53 7557944
54 7601846
55 7578590
56 7663447
57 7638508
58 7642244
59 7644728
60 7629743
61 7618297
62 7672653
63 7708743
64 7711370
65 7731536
66 7690537
67 7726520
68 7744018
69 7768677
70 7805674
71 7777931
72 7825712
73 7829787
74 7791238
75 7828076
76 7883886
77 7848418
78 7872287
79 7916970
80 7930652
81 7949072
82 7993538
83 7981041
84 8022476
85 8071590
86 8126460
87 8133124
88 8180768
89 8215207
90 8221315
91 8240676
92 8280649
93 8343828
94 8347644
95 8371240
96 8419902
97 8498555
98 8542369
99 8513284
100 8606386
101 8643113
102 8728907
103 8779682
104 8809059
105 8881482
106 8928802
107 8958925
108 9046391
109 9193256
110 9203299
111 9303311
112 9445457
113 9522574
114 9638077
115 9717477
116 9970750
117 10094234
118 10252727
119 10493330
120 10727869
121 10788259
122 11014272
123 11224439
124 11470817
125 11713193
126 11955792
127 12235214
128 13537843
129 13913720
130 14225469
131 14608226
132 14753039
133 15263048
134 15592010
135 15936420
136 16417768
137 16774478
138 17247627
139 17777746
140 18307716
141 18768698
142 19259834
143 19720450
144 20357940
145 20965271
146 21735863
147 22431335
148 23116187
149 23902902
150 24785092
151 25613568
152 26402998
153 27637698
154 28918771
155 30913128
156 33729961
157 37535381
158 43843424
159 53637063
160 66003170
161 80196046
162 89581909
163 88705529
164 78366163
165 63412793
166 48967246
