0 582481
1 583939
2 587059
3 591739
4 591134
5 591738
6 588610
7 594955
8 593033
9 592557
10 592625
11 589569
12 597940
13 598123
14 592881
15 599431
16 598862
17 602140
18 606992
19 606608
20 606630
21 611335
22 607906
23 607460
24 610776
25 615461
26 616406
27 618156
28 621312
29 622236
30 622806
31 617871
32 627312
33 624863
34 626780
35 622255
36 623480
37 631686
38 626176
39 627212
40 633392
41 629609
42 633663
43 647135
44 642153
45 651050
46 656152
47 671103
48 672205
49 692251
50 700359
51 720007
52 741596
53 764354
54 792797
55 823777
56 858406
57 904375
58 975106
59 1053023
60 1205157
61 1430201
62 1786527
63 2202554
64 2519769
65 2672141
66 2730618
67 2751727
68 2709301
69 2636204
70 2532036
71 2409149
72 2245714
73 2018345
74 1775331
75 1519613
76 1312846
77 1153132
78 1044804
79 976967
80 902815
81 858079
82 833792
83 797379
84 767226
85 743969
86 723337
87 709698
88 689426
89 679448
90 666745
91 660093
92 649856
93 643345
94 633560
95 630117
96 636354
97 637722
98 626823
99 627007
100 633329
101 629730
102 632324
103 633483
104 634548
105 635289
106 639774
107 632452
108 634252
109 635455
110 637228
111 629469
112 632481
113 634870
114 628175
115 629423
116 630295
117 631446
118 639209
119 637446
120 636233
121 641963
122 638496
123 643626
124 640851
125 642520
126 639010
127 643956
128 644332
129 703550
130 704750
131 703813
132 710791
133 724428
134 707666
135 712053
136 721220
137 721410
138 720111
139 722259
140 729007
141 730636
142 737404
143 738597
144 747026
145 751161
146 756895
147 757500
148 760676
149 765071
150 772802
151 773582
152 790443
153 798140
154 799288
155 812684
156 829642
157 835080
158 841933
159 869369
160 878145
161 898750
162 920528
163 950220
164 985355
165 1033854
166 1089032
167 1166409
168 1303583
169 1488921
170 1811775
171 2410699
172 3751639
173 5544004
174 12836658
175 16173685
176 5794921
177 2631931
178 1744827
179 1402347
180 1263221
181 1163292
182 1079398
183 1031584
184 1005108
185 966611
186 926899
187 894614
188 881843
189 863409
190 844172
191 807538
192 798417
193 787820
194 780201
195 765641
196 759108
197 750799
198 739356
199 720829
200 707845
201 709864
202 702630
203 701795
204 707086
205 701890
206 698654
207 691713
208 689658
209 690309
210 683934
211 683614
212 678240
213 675245
214 670094
215 668364
216 667685
217 664599
218 663167
219 665006
220 663437
221 660529
222 656696
223 661119
224 654636
225 649141
226 655825
227 656997
228 653860
229 658626
230 660741
