0 477841
1 478598
2 482988
3 481881
4 483639
5 486973
6 489401
7 490293
8 484619
9 487031
10 487480
11 486710
12 492805
13 490318
14 491363
15 491513
16 488850
17 495636
18 493383
19 496421
20 492024
21 494806
22 497015
23 496723
24 500054
25 500084
26 502112
27 502010
28 506449
29 502715
30 506270
31 507594
32 510348
33 510843
34 513951
35 511171
36 514046
37 515841
38 517965
39 515575
40 520950
41 522262
42 521308
43 526801
44 528357
45 528660
46 532840
47 535199
48 537953
49 540096
50 542898
51 543815
52 544818
53 543795
54 550205
55 556267
56 558004
57 563668
58 568465
59 574501
60 574115
61 579582
62 584477
63 590194
64 597580
65 601175
66 611273
67 614680
68 626002
69 633258
70 638605
71 651604
72 663756
73 682825
74 689844
75 703815
76 718677
77 736108
78 757456
79 779853
80 804882
81 829211
82 859367
83 903644
84 945372
85 992164
86 1052151
87 1123997
88 1216443
89 1319516
90 1444191
91 1612471
92 1808240
93 2146006
94 2582300
95 3118831
96 3708475
97 4331808
98 4814722
99 5031401
100 4914415
101 4684805
102 4553510
103 4496067
104 4549857
105 4681603
106 4785974
107 4726826
108 4466111
109 4129023
110 3813724
111 3579732
112 3420260
113 3316011
114 3243562
115 3207577
116 3166534
117 3106612
118 3040808
119 2975037
120 2911981
121 2841758
122 2744134
123 2633004
124 2494305
125 2301743
126 2047202
127 1762852
128 1461157
129 1204174
130 1010490
131 892001
132 810691
133 751471
134 713408
135 686536
136 661397
137 646709
138 630749
139 618329
140 610674
141 597468
142 588949
143 582997
144 573096
145 573636
146 564131
147 561714
148 552719
149 552890
150 546974
151 544531
152 539755
153 539617
154 535614
155 532753
156 527672
157 528096
158 519768
159 523296
160 518827
161 518979
162 516365
163 514578
164 510556
165 506901
166 510188
