0 464080
1 468263
2 456762
3 453704
4 458617
5 455166
6 455033
7 453241
8 451834
9 454458
10 453788
11 455395
12 453517
13 452998
14 458447
15 451963
16 456977
17 460461
18 458566
19 462514
20 461599
21 456524
22 463826
23 458119
24 459794
25 463531
26 469672
27 469290
28 461839
29 462867
30 470099
31 464581
32 468675
33 470474
34 469178
35 468822
36 466998
37 468387
38 466450
39 472122
40 469843
41 476599
42 477827
43 480067
44 481471
45 486680
46 487016
47 489814
48 492649
49 491010
50 498555
51 496925
52 495670
53 491969
54 490600
55 490569
56 490426
57 494108
58 489601
59 494651
60 500127
61 502576
62 504997
63 511849
64 507465
65 515336
66 519975
67 515547
68 524631
69 527368
70 531870
71 535598
72 541412
73 548738
74 553232
75 561686
76 568582
77 575313
78 584177
79 591854
80 605153
81 617793
82 636403
83 652556
84 669565
85 680904
86 700428
87 731713
88 769421
89 805055
90 857613
91 906993
92 975302
93 1093517
94 1250006
95 1431227
96 1655857
97 1969626
98 2327864
99 2756174
100 3114588
101 3369910
102 3355184
103 3166269
104 2948543
105 2770443
106 2663993
107 2598999
108 2583895
109 2548958
110 2552753
111 2539266
112 2529592
113 2517753
114 2493979
115 2485791
116 2472693
117 2482566
118 2511863
119 2542092
120 2607672
121 2701490
122 2830485
123 2936808
124 2975875
125 2897417
126 2669803
127 2414283
128 2180502
129 2011628
130 1878447
131 1783667
132 1686977
133 1605987
134 1527582
135 1458705
136 1386526
137 1306909
138 1228417
139 1127193
140 1015064
141 900991
142 795505
143 724891
144 670937
145 627411
146 601814
147 588409
148 572664
149 564069
150 553776
151 541138
152 535047
153 530120
154 523922
155 519829
156 513729
157 511493
158 507864
159 506223
160 502661
161 502661
162 502661
163 502661
164 502661
165 502661
166 502661
