0 953318
1 955309
2 1045334
3 1113871
4 1177722
5 1252558
6 1330796
7 1413897
8 1508053
9 1596725
10 1669214
11 1740175
12 1806809
13 1867506
14 1935927
15 2008690
16 2083097
17 2165985
18 2246353
19 2331968
20 2414887
21 2495536
22 2564211
23 2639483
24 2689578
25 2738499
26 2758499
27 2772486
28 2758248
29 2717349
30 2644831
31 2557643
32 2478463
33 2398951
34 2332819
35 2289501
36 2275358
37 2261349
38 2277093
39 2314952
40 2339152
41 2362676
42 2379239
43 2418322
44 2492913
45 2591078
46 2713870
47 2859900
48 3091883
49 3428425
50 3902362
51 4424756
52 4891664
53 5152827
54 5335088
55 5541911
56 5645551
57 5622087
58 5589136
59 5655563
60 5757809
61 5820957
62 5843884
63 5789992
64 5712534
65 5573694
66 5384759
67 5118307
68 4692523
69 4168776
70 3808789
71 3459715
72 3245251
73 3164876
74 3160902
75 3195727
76 3271846
77 3411715
78 3579985
79 3728944
80 3719411
81 3504952
82 3095921
83 2551154
84 2029512
85 1580629
86 1248934
87 1021120
88 870447
89 775810
90 705710
91 652309
92 606169
93 576846
94 550858
95 532867
96 519575
97 507340
98 500797
99 493978
100 481645
101 478641
102 473973
103 471034
104 465280
105 461154
106 455587
107 455007
108 453926
109 447848
110 443931
111 450920
112 446594
113 446475
114 444407
115 444139
116 444495
117 442717
118 440668
119 444415
120 440361
121 440828
122 436569
123 436992
124 439372
125 439329
126 433711
127 435229
128 433030
129 434086
130 434298
131 431571
132 430158
133 431710
134 428062
135 428256
136 429242
137 428192
138 428412
139 427764
140 427601
141 426142
142 426554
143 427669
144 423529
145 424846
146 423462
147 427284
148 426973
149 427467
150 426827
151 421840
152 420166
153 423661
154 423664
155 422441
156 419370
157 422187
158 423491
159 424608
160 422479
161 421164
162 421462
163 419118
164 421211
165 420623
166 418723
