0 4747869
1 4683527
2 4390139
3 4155039
4 3970657
5 3785501
6 3609353
7 3408485
8 3206010
9 3013597
10 2860447
11 2733955
12 2612718
13 2517469
14 2429129
15 2382388
16 2343587
17 2322683
18 2318835
19 2320043
20 2344745
21 2373218
22 2401094
23 2426208
24 2428237
25 2437197
26 2416741
27 2387597
28 2356388
29 2332100
30 2316116
31 2312971
32 2321077
33 2335728
34 2359067
35 2391258
36 2424481
37 2474309
38 2544671
39 2606700
40 2686177
41 2773303
42 2868673
43 2948705
44 3019273
45 3090571
46 3128437
47 3137904
48 3124375
49 3069688
50 3003971
51 2945361
52 2892737
53 2839584
54 2774897
55 2700290
56 2611412
57 2536780
58 2467688
59 2424277
60 2398685
61 2389790
62 2394933
63 2385434
64 2382855
65 2384317
66 2386149
67 2402061
68 2401243
69 2409833
70 2407270
71 2396265
72 2380617
73 2358583
74 2324978
75 2272723
76 2186715
77 2074207
78 1957092
79 1834442
80 1717908
81 1608100
82 1517959
83 1437583
84 1362122
85 1301221
86 1243201
87 1194723
88 1156818
89 1120430
90 1092896
91 1071099
92 1049257
93 1037016
94 975969
95 958771
96 942299
97 929147
98 911105
99 901656
100 897955
101 880415
102 870490
103 862263
104 853413
105 847103
106 835350
107 825495
108 819548
109 805666
110 798880
111 791772
112 783185
113 780095
114 770953
115 764096
116 758904
117 752731
118 745064
119 739763
120 732022
121 726822
122 716480
123 710674
124 705629
125 707962
126 698152
127 695255
128 688754
129 684117
130 673649
131 672505
132 669512
133 670377
134 660692
135 655571
136 648745
137 649947
138 643746
139 641169
140 635570
141 632379
142 631634
143 626204
144 628631
145 618886
146 614953
147 617349
148 604460
149 607076
150 603852
151 601771
152 599135
153 594528
154 595677
155 587999
156 585754
157 583964
158 581913
159 575580
160 574059
161 576695
162 570843
163 572741
164 573059
165 566390
166 565108
