0 671619
1 674523
2 674303
3 675035
4 674618
5 679072
6 681849
7 680403
8 685064
9 685010
10 689331
11 692218
12 694741
13 700418
14 698933
15 695214
16 699520
17 704864
18 702512
19 708398
20 715575
21 706885
22 712628
23 714364
24 720634
25 722200
26 725517
27 727976
28 725333
29 729916
30 740340
31 733116
32 742483
33 747939
34 752972
35 750673
36 756039
37 755829
38 763929
39 767931
40 771099
41 777350
42 778084
43 782903
44 781773
45 786271
46 791117
47 793395
48 804284
49 803794
50 810169
51 812357
52 821376
53 826134
54 832675
55 838613
56 844546
57 851864
58 856328
59 866148
60 876168
61 879382
62 892416
63 890524
64 906948
65 915329
66 922697
67 933514
68 941542
69 951662
70 967357
71 975860
72 987969
73 1004381
74 1025832
75 1035996
76 1052527
77 1072911
78 1091525
79 1113111
80 1132631
81 1157516
82 1185343
83 1212513
84 1255983
85 1297432
86 1344027
87 1384428
88 1446112
89 1506461
90 1591688
91 1680076
92 1801204
93 1959592
94 2191860
95 2458490
96 2774142
97 3258685
98 3922487
99 4886223
100 6182229
101 7762827
102 9349802
103 10599949
104 11363603
105 11692108
106 11405121
107 10698318
108 9589718
109 8349924
110 7371149
111 6569938
112 5971161
113 5447021
114 4963642
115 4490144
116 4108408
117 3935574
118 3791863
119 3587245
120 3345469
121 3250586
122 3275264
123 3393928
124 3544720
125 3801262
126 4137602
127 4558146
128 5190671
129 6195694
130 7836652
131 10216668
132 13517064
133 16605475
134 18195809
135 17985522
136 16884680
137 16040500
138 16219081
139 17349205
140 18664313
141 18057415
142 15371830
143 13039942
144 11626063
145 11123787
146 11198683
147 11806314
148 13090455
149 14904439
150 17186366
151 19233215
152 20612949
153 21097147
154 20128986
155 17709634
156 14247884
157 11191602
158 8897141
159 7302114
160 6167522
161 5342321
162 4708278
163 4193025
164 3808925
165 3466263
166 3188952
