0 457698
1 457980
2 459545
3 461747
4 464163
5 464430
6 463203
7 469145
8 472185
9 473714
10 472356
11 472018
12 475406
13 474821
14 482057
15 484185
16 482888
17 486638
18 486866
19 488841
20 489465
21 493413
22 491473
23 498029
24 496714
25 496871
26 501636
27 507461
28 506151
29 506778
30 513516
31 509318
32 515293
33 516321
34 518156
35 519576
36 523304
37 524699
38 528040
39 528158
40 532122
41 531214
42 535564
43 534477
44 540173
45 545299
46 547434
47 549599
48 552157
49 559722
50 559411
51 569045
52 569743
53 569339
54 576038
55 581520
56 585662
57 590561
58 595756
59 599002
60 607075
61 613610
62 618848
63 625744
64 629938
65 634868
66 639660
67 648956
68 654472
69 659285
70 665152
71 673136
72 683573
73 688496
74 697326
75 709276
76 712818
77 722218
78 729785
79 741792
80 749248
81 763765
82 775972
83 787926
84 798230
85 808127
86 822916
87 837008
88 850091
89 867621
90 886445
91 899893
92 919108
93 938715
94 966888
95 992041
96 1019939
97 1051505
98 1083750
99 1124428
100 1163786
101 1214090
102 1269082
103 1320077
104 1373744
105 1441259
106 1506216
107 1575563
108 1646828
109 1713709
110 1784215
111 1855401
112 1938151
113 2018670
114 2122942
115 2231955
116 2353815
117 2485600
118 2617010
119 2787107
120 2964363
121 3153140
122 3373510
123 3607299
124 3831703
125 4061675
126 4353886
127 4680155
128 5053107
129 5475832
130 5983960
131 6600844
132 7263503
133 8149731
134 9174601
135 10406772
136 11924373
137 13804857
138 15944080
139 18297441
140 21076919
141 23883470
142 26792635
143 29970470
144 33181274
145 37959059
146 44503056
147 55629847
148 70088388
149 84961529
150 93393387
151 87659056
152 68281211
153 50966842
154 36088092
155 26717724
156 20487432
157 16307543
158 13452830
159 11225823
160 9661566
161 8255118
162 7226799
163 6407515
164 5746211
165 5191051
166 4705832
