0 1187092
1 1181038
2 1204774
3 1219953
4 1243074
5 1259261
6 1277307
7 1297019
8 1320218
9 1346342
10 1378794
11 1400267
12 1435936
13 1467861
14 1503358
15 1537150
16 1576144
17 1615625
18 1660533
19 1707113
20 1758991
21 1802020
22 1859928
23 1916413
24 1960903
25 2017501
26 2073689
27 2154919
28 2219364
29 2290038
30 2375961
31 2453457
32 2541441
33 2629889
34 2724459
35 2822195
36 2923333
37 3051386
38 3189606
39 3293227
40 3429915
41 3578869
42 3731396
43 3906951
44 4117922
45 4301220
46 4505006
47 4742547
48 5021078
49 5311938
50 5595506
51 5985558
52 6444745
53 6969967
54 7437624
55 7989336
56 8692666
57 9317428
58 9809318
59 10412253
60 11143023
61 11745577
62 12155771
63 12287894
64 12037880
65 11422065
66 10584225
67 9742526
68 8880397
69 8047274
70 7331969
71 6786411
72 6256814
73 5780626
74 5390618
75 5044751
76 4738326
77 4471430
78 4256869
79 4070945
80 3883288
81 3720182
82 3593032
83 3479795
84 3375372
85 3321383
86 3261201
87 3200175
88 3154791
89 3106468
90 3082995
91 3045032
92 3025823
93 3011368
94 2987781
95 2976357
96 2971032
97 2980509
98 2999636
99 3086545
100 3288015
101 3738300
102 4394438
103 5180917
104 5934991
105 6743846
106 7310506
107 7384978
108 6772293
109 5769049
110 4807152
111 4080241
112 3526952
113 3119369
114 2803328
115 2574800
116 2425993
117 2338346
118 2289412
119 2256932
120 2234735
121 2226997
122 2229781
123 2237132
124 2264154
125 2291591
126 2350268
127 2455235
128 2647958
129 2922955
130 3368048
131 4226575
132 5297788
133 6362995
134 6788177
135 6362050
136 5281164
137 4130322
138 3385203
139 2974393
140 2749951
141 2647985
142 2620502
143 2647704
144 2702671
145 2832141
146 2981798
147 3195901
148 3467858
149 3798134
150 4354215
151 4766916
152 5510652
153 6329044
154 7615061
155 9358816
156 11636596
157 14496089
158 17046273
159 18522162
160 17856855
161 14985998
162 11567312
163 8799261
164 6759510
165 5340213
166 4304361
