0 441756
1 438957
2 441205
3 440898
4 442377
5 441030
6 440672
7 439038
8 439474
9 440564
10 442489
11 439894
12 440349
13 440052
14 439954
15 442438
16 443583
17 443570
18 441806
19 443575
20 440327
21 442249
22 443279
23 447594
24 445537
25 444235
26 444035
27 448681
28 448289
29 449814
30 450262
31 449824
32 452157
33 451796
34 453569
35 452021
36 454221
37 455302
38 456721
39 455341
40 458657
41 455886
42 462214
43 460841
44 466229
45 465794
46 465404
47 467067
48 470166
49 471019
50 470807
51 475604
52 474139
53 476041
54 479666
55 480105
56 484687
57 484739
58 482559
59 489856
60 492304
61 493387
62 495258
63 499610
64 507470
65 501705
66 504312
67 509474
68 510823
69 513555
70 515831
71 521687
72 522501
73 525914
74 529647
75 531434
76 533136
77 539175
78 542511
79 549242
80 550145
81 552960
82 555723
83 559303
84 563178
85 567880
86 572193
87 575338
88 581786
89 584488
90 590519
91 591484
92 597099
93 602690
94 612289
95 617651
96 623551
97 632170
98 637779
99 647028
100 655099
101 665371
102 675910
103 687881
104 698480
105 708474
106 721147
107 735473
108 753063
109 769121
110 789271
111 805270
112 820847
113 842467
114 865277
115 889489
116 913875
117 941991
118 972791
119 1002173
120 1040292
121 1081323
122 1127668
123 1177772
124 1224382
125 1280435
126 1344745
127 1410419
128 1483968
129 1568059
130 1665711
131 1761371
132 1868001
133 1985476
134 2111390
135 2245243
136 2424915
137 2625187
138 2840891
139 3092198
140 3380902
141 3733541
142 4134881
143 4590756
144 5166801
145 5837492
146 6618575
147 7589973
148 8856738
149 10292581
150 12196028
151 14763329
152 18132641
153 22482767
154 28408898
155 36093752
156 47533239
157 62146575
158 80209302
159 101039847
160 122053062
161 135639893
162 137022648
163 125662017
164 109548427
165 88630975
166 67427764
