0 11811367
1 12473011
2 14843747
3 17706512
4 20487576
5 24141881
6 27425716
7 31424298
8 36124433
9 41879083
10 48633298
11 55618261
12 63470260
13 72958514
14 83148979
15 95143991
16 109388123
17 123095368
18 135801254
19 143923238
20 145333393
21 140081719
22 130878310
23 121289085
24 111226750
25 100407347
26 90754982
27 82643364
28 75533740
29 69743996
30 64992927
31 60574631
32 56929667
33 53101377
34 48221880
35 43050276
36 37062495
37 30771133
38 24747030
39 19439971
40 15451318
41 12074741
42 9469106
43 7559355
44 6176688
45 5100006
46 4430071
47 4120528
48 3755140
49 3387774
50 3165509
51 3073748
52 2943069
53 2856209
54 2808771
55 2661896
56 2568150
57 2507049
58 2427332
59 2426914
60 2418530
61 2338258
62 2357608
63 2314758
64 2240310
65 2208192
66 2182896
67 2188365
68 2152273
69 2183033
70 2234215
71 2219478
72 2264053
73 2279130
74 2190129
75 2254830
76 2210988
77 2210672
78 2271282
79 2256635
80 2239694
81 2242603
82 2251755
83 2268453
84 2303551
85 2293275
86 2306858
87 2357452
88 2359701
89 2288752
90 2346446
91 2304313
92 2326831
93 2278973
94 2335631
95 2308861
96 2337091
97 2321219
98 2241413
99 2285263
100 2268912
101 2306794
102 2273646
103 2265458
104 2188758
105 2313691
106 2168376
107 2156039
108 2141378
109 2173685
110 2179084
111 2135969
112 2132237
113 2096417
114 2073938
115 2089541
116 2093720
117 2104626
118 2124295
119 2176284
120 2257571
121 2337235
122 2441139
123 2561375
124 2670170
125 2829402
126 2960376
127 3112878
128 3265696
129 3504874
130 3676336
131 3891812
132 4097346
133 4386310
134 4676338
135 4990500
136 5526735
137 5956271
138 6537651
139 7177663
140 7853571
141 8716890
142 9697967
143 10744523
144 12068081
145 13726324
146 15725120
147 18237236
148 21538544
149 25828058
150 32008493
151 40301902
152 51150855
153 65646752
154 83055625
155 100839625
156 116093769
157 121966702
158 115156459
159 99054524
160 77748393
161 57679483
162 43219468
163 32980811
164 26143811
165 20680464
166 16869151
