0 462316
1 463952
2 461840
3 474727
4 478849
5 484569
6 485916
7 486906
8 483929
9 482356
10 483628
11 487125
12 490776
13 494156
14 493703
15 496489
16 500616
17 500793
18 503096
19 508270
20 511561
21 515666
22 519994
23 518152
24 527778
25 527436
26 536133
27 531875
28 537732
29 545073
30 548056
31 557917
32 558492
33 557846
34 568914
35 569919
36 575663
37 579856
38 590043
39 597528
40 596998
41 604059
42 612713
43 614762
44 625329
45 629786
46 636446
47 647731
48 650664
49 664702
50 670743
51 677626
52 691456
53 700134
54 707414
55 721420
56 729235
57 742722
58 747239
59 756295
60 782804
61 796306
62 812206
63 835679
64 852288
65 881593
66 897629
67 921656
68 940541
69 968440
70 991672
71 1022019
72 1054598
73 1092930
74 1134483
75 1174737
76 1223296
77 1281728
78 1340464
79 1407802
80 1489869
81 1585137
82 1700106
83 1831492
84 1997601
85 2181505
86 2400974
87 2669370
88 3019175
89 3420629
90 3901479
91 4531947
92 5240913
93 6027538
94 6763986
95 7462597
96 7854094
97 7866540
98 7628083
99 6938149
100 6031673
101 5144950
102 4358031
103 3786034
104 3316920
105 2916366
106 2617895
107 2378537
108 2152561
109 1960081
110 1815573
111 1692147
112 1595668
113 1490820
114 1420910
115 1348953
116 1281186
117 1224563
118 1173688
119 1136783
120 1086860
121 1053260
122 1015268
123 984722
124 955294
125 931202
126 902057
127 875846
128 852284
129 830482
130 809047
131 789439
132 772906
133 755188
134 740478
135 730485
136 715000
137 703933
138 683848
139 680162
140 662683
141 656008
142 643924
143 632539
144 629075
145 613626
146 609492
147 611428
148 594138
149 583921
150 574561
151 572542
152 566627
153 557731
154 550562
155 541704
156 538955
157 534451
158 523035
159 517102
160 509783
161 504058
162 497159
163 493061
164 487980
165 486425
166 479503
