0 281328
1 282095
2 285716
3 284486
4 281047
5 282246
6 280398
7 280014
8 282584
9 282461
10 280165
11 281585
12 280678
13 279163
14 282350
15 281146
16 281849
17 279006
18 281481
19 280136
20 281602
21 281888
22 281413
23 281640
24 283686
25 282193
26 283462
27 285004
28 284121
29 283965
30 285435
31 284456
32 284236
33 281817
34 281982
35 284816
36 284133
37 283959
38 283503
39 288327
40 284364
41 281378
42 283309
43 285768
44 283496
45 284209
46 284827
47 287935
48 286958
49 287503
50 287819
51 287799
52 288777
53 292391
54 290878
55 287597
56 291089
57 292275
58 291616
59 291470
60 292512
61 291939
62 294544
63 293478
64 295352
65 297142
66 296953
67 299069
68 299398
69 301213
70 298451
71 298034
72 299246
73 305216
74 305234
75 306292
76 308321
77 308176
78 313280
79 312510
80 310628
81 316520
82 318404
83 319637
84 321869
85 322394
86 326472
87 325621
88 328034
89 331018
90 333591
91 335326
92 340656
93 344268
94 341531
95 345886
96 348473
97 355989
98 358666
99 361037
100 365542
101 367747
102 372905
103 376392
104 382252
105 388252
106 395170
107 398830
108 408888
109 413549
110 420152
111 429833
112 440217
113 453584
114 463396
115 476655
116 493292
117 507731
118 528655
119 550937
120 577010
121 608396
122 645819
123 682898
124 737867
125 803000
126 886099
127 992619
128 1141085
129 1352474
130 1626717
131 2047744
132 2725264
133 3864940
134 5716965
135 8733386
136 12359290
137 13889472
138 12015512
139 8430145
140 5379120
141 3520016
142 2459001
143 1831949
144 1446828
145 1201363
146 1021252
147 898470
148 811125
149 732131
150 679894
151 635896
152 595947
153 565610
154 541277
155 519457
156 496391
157 483517
158 472537
159 460452
160 445198
161 434913
162 422401
163 413850
164 405250
165 400025
166 393460
