0 19952958
1 15711845
2 11966649
3 10064994
4 8689627
5 7578948
6 6670613
7 5893863
8 5187729
9 4660806
10 4191053
11 3798412
12 3412734
13 3096777
14 2806615
15 2557091
16 2345430
17 2172899
18 2025865
19 1903430
20 1796751
21 1706360
22 1620373
23 1561390
24 1499700
25 1457309
26 1410908
27 1378295
28 1344749
29 1317682
30 1293100
31 1267205
32 1256420
33 1238483
34 1216478
35 1199967
36 1188194
37 1175534
38 1165789
39 1150028
40 1139028
41 1128445
42 1120684
43 1113787
44 1109268
45 1096843
46 1084288
47 1072991
48 1071359
49 1067966
50 1052350
51 1045784
52 1045251
53 1042156
54 1036109
55 1027190
56 1021019
57 1012467
58 1014288
59 1006360
60 1001023
61 999263
62 986878
63 988310
64 984514
65 972208
66 973535
67 965246
68 963424
69 954252
70 954153
71 947407
72 951846
73 946212
74 941103
75 942631
76 938550
77 933334
78 932217
79 925323
80 925899
81 924904
82 922894
83 920711
84 916609
85 904980
86 909499
87 902485
88 904409
89 897775
90 896738
91 895125
92 885715
93 885094
94 884140
95 876839
96 879940
97 880953
98 869123
99 870963
100 866904
101 871789
102 865964
103 862772
104 865798
105 863217
106 858039
107 858198
108 850899
109 849207
110 856923
111 845283
112 846947
113 841668
114 841529
115 838326
116 835802
117 835377
118 835302
119 826768
120 835098
121 831125
122 823751
123 827852
124 823730
125 822233
126 820662
127 819545
128 821804
129 826331
130 822058
131 820858
132 816465
133 818890
134 810600
135 810897
136 813323
137 814093
138 810080
139 808182
140 811630
141 810637
142 809465
143 804202
144 797409
145 800405
146 800414
147 792497
148 798352
149 802130
150 794152
151 793349
152 795490
153 790132
154 785528
155 783683
156 788030
157 782833
158 786975
159 782723
160 782492
161 774709
162 784259
163 774625
164 771545
165 772603
166 775118
