0 480801
1 485657
2 484804
3 487163
4 488799
5 488228
6 487391
7 491174
8 484522
9 491486
10 489459
11 499954
12 492140
13 494298
14 494752
15 494113
16 496642
17 495429
18 498026
19 499718
20 503529
21 497854
22 501786
23 498834
24 501745
25 511359
26 503190
27 504828
28 505188
29 511954
30 513449
31 512282
32 515775
33 515277
34 517998
35 525925
36 517348
37 522555
38 527652
39 525504
40 530831
41 530568
42 531010
43 539216
44 542887
45 549250
46 547018
47 553386
48 560519
49 570271
50 574316
51 581463
52 593143
53 605026
54 619161
55 636718
56 669232
57 706578
58 764313
59 848564
60 987944
61 1174723
62 1472819
63 1906394
64 2405973
65 2819655
66 2883450
67 2576406
68 2172388
69 1767229
70 1396654
71 1112657
72 934522
73 823863
74 748219
75 694867
76 660291
77 635429
78 613128
79 593836
80 578736
81 570898
82 560427
83 558539
84 551856
85 547511
86 541741
87 534329
88 541843
89 532813
90 524738
91 522294
92 524501
93 518100
94 512134
95 512768
96 516768
97 514560
98 510885
99 509981
100 506731
101 507419
102 508625
103 508139
104 499153
105 504991
106 498176
107 501313
108 497828
109 498771
110 499230
111 496177
112 493967
113 492561
114 498325
115 497262
116 495871
117 511850
118 491189
119 490815
120 489326
121 491524
122 486695
123 489242
124 492404
125 491527
126 489987
127 487780
128 486688
129 487932
130 485551
131 485853
132 487711
133 481824
134 479364
135 482408
136 488472
137 481837
138 482683
139 484406
140 481901
141 479778
142 482341
143 482945
144 479849
145 480067
146 480560
147 478985
148 476348
149 478852
150 476890
151 483759
152 477102
153 474148
154 473854
155 479426
156 475608
157 478268
158 471697
159 479479
160 475562
161 478082
162 469607
163 474748
164 477242
165 474183
166 471125
