0 525951
1 526449
2 530161
3 537172
4 539679
5 540744
6 544135
7 550909
8 549659
9 557546
10 561172
11 561717
12 567574
13 572994
14 579941
15 584731
16 588130
17 592199
18 600076
19 602701
20 607631
21 613469
22 619954
23 624771
24 631854
25 635542
26 647325
27 649179
28 654259
29 665398
30 671285
31 677342
32 688135
33 696361
34 706018
35 712847
36 728860
37 737135
38 748404
39 760016
40 775149
41 784908
42 798121
43 812633
44 821709
45 846534
46 859839
47 880643
48 895020
49 921375
50 937401
51 959693
52 988086
53 1015807
54 1039807
55 1066930
56 1100420
57 1135961
58 1170145
59 1215025
60 1254762
61 1295476
62 1346096
63 1405869
64 1475298
65 1553017
66 1637910
67 1728326
68 1823289
69 1953726
70 2096674
71 2278947
72 2510530
73 2792296
74 3153788
75 3593781
76 4203407
77 4965308
78 5935408
79 7241425
80 8889733
81 10516873
82 11440027
83 11315122
84 10467890
85 9494544
86 8429195
87 7429183
88 6481226
89 5727515
90 5108314
91 4552211
92 3995072
93 3395766
94 2917875
95 2583908
96 2342768
97 2126295
98 1953416
99 1810879
100 1680526
101 1577563
102 1496009
103 1427047
104 1365307
105 1306567
106 1251101
107 1200102
108 1156959
109 1119707
110 1088230
111 1057053
112 1025817
113 994573
114 965847
115 938364
116 909527
117 888474
118 867042
119 850075
120 824613
121 810704
122 789453
123 774990
124 763893
125 750144
126 738960
127 726627
128 712766
129 706163
130 693410
131 683315
132 677995
133 667286
134 658874
135 651632
136 643070
137 637307
138 631132
139 621911
140 614186
141 608422
142 600099
143 596037
144 590854
145 583884
146 580222
147 572766
148 566589
149 564572
150 557685
151 549596
152 547084
153 540893
154 539007
155 530228
156 528235
157 524127
158 518893
159 515267
160 509493
161 506743
162 504041
163 501735
164 497889
165 494895
166 495658
