0 0.00000
1 0.00000
2 0.00001
3 0.00002
4 0.00002
5 0.00003
6 0.00002
7 0.00004
8 0.00006
9 0.00008
10 0.00005
11 0.00009
12 0.00010
13 0.00010
14 0.00010
15 0.00011
16 0.00012
17 0.00015
18 0.00015
19 0.00018
20 0.00019
21 0.00018
22 0.00020
23 0.00020
24 0.00022
25 0.00023
26 0.00024
27 0.00026
28 0.00028
29 0.00028
30 0.00031
31 0.00032
32 0.00033
33 0.00034
34 0.00036
35 0.00038
36 0.00040
37 0.00041
38 0.00044
39 0.00045
40 0.00050
41 0.00046
42 0.00050
43 0.00052
44 0.00055
45 0.00056
46 0.00059
47 0.00060
48 0.00061
49 0.00065
50 0.00069
51 0.00071
52 0.00075
53 0.00077
54 0.00078
55 0.00083
56 0.00085
57 0.00090
58 0.00091
59 0.00095
60 0.00097
61 0.00099
62 0.00102
63 0.00108
64 0.00111
65 0.00113
66 0.00117
67 0.00121
68 0.00125
69 0.00129
70 0.00135
71 0.00138
72 0.00142
73 0.00147
74 0.00153
75 0.00159
76 0.00164
77 0.00171
78 0.00180
79 0.00185
80 0.00189
81 0.00198
82 0.00205
83 0.00216
84 0.00225
85 0.00233
86 0.00242
87 0.00252
88 0.00265
89 0.00274
90 0.00285
91 0.00293
92 0.00310
93 0.00324
94 0.00336
95 0.00351
96 0.00373
97 0.00388
98 0.00405
99 0.00419
100 0.00442
101 0.00463
102 0.00492
103 0.00515
104 0.00539
105 0.00569
106 0.00594
107 0.00628
108 0.00662
109 0.00696
110 0.00730
111 0.00762
112 0.00802
113 0.00844
114 0.00883
115 0.00948
116 0.00990
117 0.01056
118 0.01109
119 0.01180
120 0.01256
121 0.01333
122 0.01418
123 0.01495
124 0.01582
125 0.01693
126 0.01806
127 0.01936
128 0.02082
129 0.02246
130 0.02400
131 0.02585
132 0.02808
133 0.03032
134 0.03282
135 0.03564
136 0.03921
137 0.04308
138 0.04800
139 0.05381
140 0.05974
141 0.06696
142 0.07539
143 0.08663
144 0.10025
145 0.11857
146 0.14079
147 0.17018
148 0.20880
149 0.27229
150 0.36043
151 0.47578
152 0.61346
153 0.75366
154 0.87573
155 0.97533
156 1.00000
157 0.90778
158 0.73705
159 0.54589
160 0.38238
161 0.27450
162 0.20086
163 0.15404
164 0.11803
165 0.09423
166 0.07792
