0 0.75986
1 0.81537
2 0.91191
3 0.98360
4 1.00000
5 0.95396
6 0.86382
7 0.75282
8 0.64653
9 0.54785
10 0.46952
11 0.40501
12 0.35416
13 0.30626
14 0.26742
15 0.23272
16 0.20414
17 0.17958
18 0.15850
19 0.14214
20 0.12675
21 0.11444
22 0.10412
23 0.09514
24 0.08742
25 0.08034
26 0.07491
27 0.06936
28 0.06461
29 0.06002
30 0.05595
31 0.05228
32 0.04908
33 0.04645
34 0.04352
35 0.04106
36 0.03837
37 0.03638
38 0.03426
39 0.03213
40 0.03064
41 0.02904
42 0.02723
43 0.02576
44 0.02443
45 0.02311
46 0.02202
47 0.02102
48 0.02007
49 0.01914
50 0.01804
51 0.01746
52 0.01663
53 0.01590
54 0.01530
55 0.01478
56 0.01424
57 0.01369
58 0.01310
59 0.01310
60 0.01267
61 0.01221
62 0.01191
63 0.01151
64 0.01089
65 0.01078
66 0.01026
67 0.01002
68 0.00970
69 0.00953
70 0.00907
71 0.00898
72 0.00867
73 0.00839
74 0.00823
75 0.00790
76 0.00772
77 0.00759
78 0.00732
79 0.00711
80 0.00686
81 0.00682
82 0.00653
83 0.00644
84 0.00634
85 0.00613
86 0.00609
87 0.00591
88 0.00581
89 0.00573
90 0.00556
91 0.00551
92 0.00527
93 0.00512
94 0.00504
95 0.00485
96 0.00482
97 0.00461
98 0.00442
99 0.00439
100 0.00426
101 0.00413
102 0.00409
103 0.00399
104 0.00391
105 0.00363
106 0.00353
107 0.00368
108 0.00366
109 0.00345
110 0.00356
111 0.00335
112 0.00336
113 0.00331
114 0.00330
115 0.00337
116 0.00341
117 0.00342
118 0.00304
119 0.00302
120 0.00288
121 0.00288
122 0.00290
123 0.00294
124 0.00298
125 0.00280
126 0.00278
127 0.00281
128 0.00269
129 0.00268
130 0.00274
131 0.00259
132 0.00257
133 0.00252
134 0.00242
135 0.00257
136 0.00238
137 0.00223
138 0.00226
139 0.00222
140 0.00225
141 0.00208
142 0.00202
143 0.00205
144 0.00202
145 0.00195
146 0.00095
147 0.00091
148 0.00076
149 0.00078
150 0.00070
151 0.00072
152 0.00069
153 0.00059
154 0.00060
155 0.00061
156 0.00052
157 0.00056
158 0.00039
159 0.00035
160 0.00041
161 0.00037
162 0.00033
163 0.00021
164 0.00015
165 0.00000
166 0.00032
