0 0.24725
1 0.25962
2 0.33498
3 0.40401
4 0.47444
5 0.55988
6 0.66133
7 0.77947
8 0.90293
9 0.97679
10 1.00000
11 0.98304
12 0.93505
13 0.83575
14 0.75227
15 0.74008
16 0.68123
17 0.60902
18 0.54156
19 0.47932
20 0.42709
21 0.38206
22 0.34243
23 0.30919
24 0.27786
25 0.25212
26 0.22633
27 0.20425
28 0.18702
29 0.17029
30 0.15848
31 0.15014
32 0.13274
33 0.12524
34 0.11697
35 0.10988
36 0.09887
37 0.08864
38 0.08372
39 0.07967
40 0.07581
41 0.07211
42 0.06876
43 0.06584
44 0.06341
45 0.06051
46 0.05838
47 0.05596
48 0.05368
49 0.05174
50 0.04972
51 0.04783
52 0.04613
53 0.04383
54 0.04102
55 0.03800
56 0.03492
57 0.03507
58 0.03403
59 0.03297
60 0.03192
61 0.03084
62 0.03039
63 0.02955
64 0.02852
65 0.02784
66 0.02754
67 0.02697
68 0.02597
69 0.02549
70 0.02467
71 0.02408
72 0.02378
73 0.02273
74 0.02230
75 0.02173
76 0.02110
77 0.02043
78 0.01974
79 0.01914
80 0.01880
81 0.01849
82 0.01816
83 0.01780
84 0.01784
85 0.01669
86 0.01667
87 0.01648
88 0.01624
89 0.01618
90 0.01559
91 0.01495
92 0.01455
93 0.01323
94 0.01307
95 0.01253
96 0.01251
97 0.01210
98 0.01177
99 0.01139
100 0.01085
101 0.01084
102 0.01041
103 0.01013
104 0.00951
105 0.00925
106 0.00908
107 0.00858
108 0.00824
109 0.00805
110 0.00756
111 0.00733
112 0.00708
113 0.00692
114 0.00662
115 0.00643
116 0.00589
117 0.00581
118 0.00546
119 0.00547
120 0.00499
121 0.00477
122 0.00446
123 0.00442
124 0.00411
125 0.00404
126 0.00385
127 0.00371
128 0.00349
129 0.00344
130 0.00288
131 0.00313
132 0.00299
133 0.00269
134 0.00272
135 0.00261
136 0.00242
137 0.00255
138 0.00226
139 0.00219
140 0.00205
141 0.00182
142 0.00166
143 0.00166
144 0.00167
145 0.00133
146 0.00145
147 0.00135
148 0.00138
149 0.00133
150 0.00128
151 0.00129
152 0.00104
153 0.00094
154 0.00073
155 0.00071
156 0.00052
157 0.00069
158 0.00054
159 0.00035
160 0.00026
161 0.00036
162 0.00014
163 0.00023
164 0.00035
165 0.00000
166 0.00018
