0 0.00002
1 0.00000
2 0.00002
3 0.00005
4 0.00005
5 0.00005
6 0.00005
7 0.00008
8 0.00006
9 0.00007
10 0.00010
11 0.00009
12 0.00014
13 0.00010
14 0.00012
15 0.00016
16 0.00017
17 0.00019
18 0.00018
19 0.00023
20 0.00022
21 0.00023
22 0.00024
23 0.00025
24 0.00026
25 0.00029
26 0.00031
27 0.00030
28 0.00033
29 0.00035
30 0.00038
31 0.00039
32 0.00041
33 0.00043
34 0.00046
35 0.00048
36 0.00049
37 0.00054
38 0.00054
39 0.00055
40 0.00057
41 0.00059
42 0.00062
43 0.00065
44 0.00067
45 0.00069
46 0.00074
47 0.00074
48 0.00076
49 0.00080
50 0.00082
51 0.00089
52 0.00086
53 0.00094
54 0.00091
55 0.00097
56 0.00102
57 0.00105
58 0.00105
59 0.00109
60 0.00114
61 0.00114
62 0.00120
63 0.00124
64 0.00127
65 0.00133
66 0.00138
67 0.00142
68 0.00143
69 0.00148
70 0.00154
71 0.00155
72 0.00162
73 0.00165
74 0.00174
75 0.00178
76 0.00182
77 0.00187
78 0.00191
79 0.00195
80 0.00203
81 0.00210
82 0.00216
83 0.00220
84 0.00223
85 0.00229
86 0.00236
87 0.00238
88 0.00247
89 0.00251
90 0.00257
91 0.00263
92 0.00268
93 0.00276
94 0.00279
95 0.00290
96 0.00296
97 0.00303
98 0.00308
99 0.00317
100 0.00323
101 0.00335
102 0.00344
103 0.00350
104 0.00360
105 0.00370
106 0.00381
107 0.00394
108 0.00403
109 0.00419
110 0.00430
111 0.00444
112 0.00459
113 0.00473
114 0.00490
115 0.00511
116 0.00525
117 0.00547
118 0.00570
119 0.00594
120 0.00618
121 0.00649
122 0.00683
123 0.00717
124 0.00753
125 0.00796
126 0.00840
127 0.00887
128 0.00939
129 0.00993
130 0.01047
131 0.01100
132 0.01163
133 0.01228
134 0.01299
135 0.01368
136 0.01451
137 0.01547
138 0.01641
139 0.01747
140 0.01859
141 0.01995
142 0.02150
143 0.02336
144 0.02562
145 0.02833
146 0.03141
147 0.03517
148 0.03956
149 0.04453
150 0.05081
151 0.05901
152 0.06958
153 0.08357
154 0.10158
155 0.12451
156 0.15861
157 0.20798
158 0.28377
159 0.40282
160 0.57182
161 0.77572
162 0.94720
163 1.00000
164 0.89677
165 0.67737
166 0.44876
