0 0.00000
1 0.00043
2 0.00007
3 0.00029
4 0.00042
5 0.00080
6 0.00065
7 0.00032
8 0.00029
9 0.00042
10 0.00070
11 0.00048
12 0.00129
13 0.00122
14 0.01077
15 0.01085
16 0.01099
17 0.01125
18 0.01154
19 0.01143
20 0.01129
21 0.01165
22 0.01165
23 0.01186
24 0.01168
25 0.01168
26 0.01221
27 0.01232
28 0.01176
29 0.01187
30 0.01227
31 0.01253
32 0.01203
33 0.01239
34 0.01211
35 0.01209
36 0.01224
37 0.01254
38 0.01257
39 0.01294
40 0.01223
41 0.01277
42 0.01285
43 0.01268
44 0.01269
45 0.01301
46 0.01642
47 0.01649
48 0.01643
49 0.01697
50 0.01650
51 0.01702
52 0.01739
53 0.01760
54 0.01755
55 0.01763
56 0.01827
57 0.01794
58 0.02389
59 0.02416
60 0.02386
61 0.02462
62 0.02443
63 0.02435
64 0.02444
65 0.02484
66 0.02417
67 0.02505
68 0.02481
69 0.02476
70 0.02520
71 0.02527
72 0.02521
73 0.02533
74 0.02573
75 0.02585
76 0.02611
77 0.02598
78 0.02624
79 0.02598
80 0.02646
81 0.02704
82 0.02703
83 0.02745
84 0.02721
85 0.02732
86 0.02779
87 0.02799
88 0.02803
89 0.02903
90 0.02879
91 0.02949
92 0.02926
93 0.03314
94 0.03320
95 0.03391
96 0.03415
97 0.03502
98 0.03531
99 0.03518
100 0.03573
101 0.03615
102 0.03652
103 0.03695
104 0.03767
105 0.03848
106 0.03849
107 0.03922
108 0.03961
109 0.04054
110 0.04092
111 0.04186
112 0.04233
113 0.04394
114 0.04482
115 0.04576
116 0.04670
117 0.04872
118 0.04988
119 0.05100
120 0.05272
121 0.05384
122 0.05593
123 0.05852
124 0.05977
125 0.06151
126 0.06386
127 0.06695
128 0.06983
129 0.07146
130 0.07616
131 0.07908
132 0.08260
133 0.08670
134 0.09077
135 0.09508
136 0.09774
137 0.10625
138 0.11183
139 0.12844
140 0.13335
141 0.13960
142 0.14589
143 0.15367
144 0.16051
145 0.17291
146 0.18305
147 0.19675
148 0.20895
149 0.21787
150 0.22836
151 0.23566
152 0.24358
153 0.25274
154 0.26770
155 0.28643
156 0.30893
157 0.34267
158 0.40031
159 0.49194
160 0.61082
161 0.77507
162 0.93243
163 1.00000
164 0.93927
165 0.78080
166 0.58914
