0 1.00000
1 0.98462
2 0.91448
3 0.85827
4 0.81419
5 0.76992
6 0.72781
7 0.67978
8 0.63138
9 0.58538
10 0.54876
11 0.51852
12 0.48954
13 0.46676
14 0.44564
15 0.43447
16 0.42519
17 0.42019
18 0.41927
19 0.41956
20 0.42547
21 0.43228
22 0.43894
23 0.44495
24 0.44543
25 0.44757
26 0.44268
27 0.43571
28 0.42825
29 0.42245
30 0.41862
31 0.41787
32 0.41981
33 0.42331
34 0.42889
35 0.43659
36 0.44453
37 0.45645
38 0.47327
39 0.48810
40 0.50710
41 0.52793
42 0.55073
43 0.56986
44 0.58673
45 0.60378
46 0.61283
47 0.61510
48 0.61186
49 0.59879
50 0.58307
51 0.56906
52 0.55648
53 0.54377
54 0.52831
55 0.51047
56 0.48922
57 0.47138
58 0.45486
59 0.44448
60 0.43837
61 0.43624
62 0.43747
63 0.43520
64 0.43458
65 0.43493
66 0.43537
67 0.43917
68 0.43898
69 0.44103
70 0.44042
71 0.43779
72 0.43405
73 0.42878
74 0.42074
75 0.40825
76 0.38769
77 0.36079
78 0.33279
79 0.30347
80 0.27561
81 0.24935
82 0.22780
83 0.20859
84 0.19055
85 0.17599
86 0.16212
87 0.15053
88 0.14146
89 0.13276
90 0.12618
91 0.12097
92 0.11575
93 0.11282
94 0.09823
95 0.09412
96 0.09018
97 0.08703
98 0.08272
99 0.08046
100 0.07958
101 0.07538
102 0.07301
103 0.07104
104 0.06893
105 0.06742
106 0.06461
107 0.06225
108 0.06083
109 0.05751
110 0.05589
111 0.05419
112 0.05214
113 0.05140
114 0.04921
115 0.04757
116 0.04633
117 0.04486
118 0.04302
119 0.04176
120 0.03991
121 0.03866
122 0.03619
123 0.03480
124 0.03360
125 0.03415
126 0.03181
127 0.03112
128 0.02956
129 0.02845
130 0.02595
131 0.02568
132 0.02496
133 0.02517
134 0.02285
135 0.02163
136 0.02000
137 0.02028
138 0.01880
139 0.01818
140 0.01685
141 0.01608
142 0.01590
143 0.01461
144 0.01519
145 0.01286
146 0.01192
147 0.01249
148 0.00941
149 0.01003
150 0.00926
151 0.00877
152 0.00814
153 0.00703
154 0.00731
155 0.00547
156 0.00494
157 0.00451
158 0.00402
159 0.00250
160 0.00214
161 0.00277
162 0.00137
163 0.00182
164 0.00190
165 0.00031
166 0.00000
