0 0.02958
1 0.02999
2 0.03303
3 0.03620
4 0.03982
5 0.04399
6 0.04941
7 0.05565
8 0.06402
9 0.07574
10 0.08949
11 0.10646
12 0.12694
13 0.15570
14 0.19165
15 0.24336
16 0.30945
17 0.39481
18 0.51330
19 0.65726
20 0.81784
21 0.95060
22 1.00000
23 0.95223
24 0.85211
25 0.74578
26 0.65667
27 0.57350
28 0.48612
29 0.41158
30 0.34859
31 0.30242
32 0.26976
33 0.24506
34 0.22600
35 0.21386
36 0.21098
37 0.21544
38 0.22411
39 0.22402
40 0.23853
41 0.25577
42 0.27713
43 0.29968
44 0.32312
45 0.34814
46 0.37654
47 0.41569
48 0.46569
49 0.54521
50 0.66388
51 0.80523
52 0.84767
53 0.72750
54 0.57726
55 0.48629
56 0.40481
57 0.33715
58 0.28523
59 0.24906
60 0.22618
61 0.21268
62 0.20880
63 0.21151
64 0.22275
65 0.24498
66 0.24561
67 0.27687
68 0.31967
69 0.37606
70 0.42268
71 0.43389
72 0.39476
73 0.32439
74 0.25361
75 0.20072
76 0.15800
77 0.12840
78 0.10280
79 0.08279
80 0.06677
81 0.05384
82 0.04373
83 0.03633
84 0.03150
85 0.02692
86 0.02415
87 0.02170
88 0.01941
89 0.01843
90 0.01720
91 0.01659
92 0.01638
93 0.01570
94 0.01559
95 0.01644
96 0.01757
97 0.01957
98 0.02219
99 0.02637
100 0.03067
101 0.03297
102 0.03314
103 0.03353
104 0.03400
105 0.03440
106 0.03381
107 0.03226
108 0.03088
109 0.02874
110 0.02679
111 0.02180
112 0.02000
113 0.01781
114 0.01646
115 0.01477
116 0.01355
117 0.01343
118 0.01295
119 0.01252
120 0.01262
121 0.01265
122 0.01352
123 0.01445
124 0.01518
125 0.01480
126 0.01368
127 0.01304
128 0.01196
129 0.01099
130 0.00995
131 0.00906
132 0.00852
133 0.00758
134 0.00715
135 0.00612
136 0.00540
137 0.00537
138 0.00531
139 0.00490
140 0.00394
141 0.00456
142 0.00367
143 0.00325
144 0.00296
145 0.00304
146 0.00281
147 0.00238
148 0.00206
149 0.00221
150 0.00207
151 0.00190
152 0.00161
153 0.00163
154 0.00152
155 0.00141
156 0.00139
157 0.00104
158 0.00082
159 0.00077
160 0.00096
161 0.00063
162 0.00013
163 0.00010
164 0.00029
165 0.00022
166 0.00000
