0 0.00000
1 0.00014
2 0.00013
3 0.00017
4 0.00015
5 0.00036
6 0.00050
7 0.00043
8 0.00066
9 0.00066
10 0.00087
11 0.00101
12 0.00113
13 0.00141
14 0.00134
15 0.00116
16 0.00137
17 0.00163
18 0.00151
19 0.00180
20 0.00215
21 0.00173
22 0.00201
23 0.00209
24 0.00240
25 0.00248
26 0.00264
27 0.00276
28 0.00263
29 0.00285
30 0.00336
31 0.00301
32 0.00347
33 0.00374
34 0.00398
35 0.00387
36 0.00413
37 0.00412
38 0.00452
39 0.00472
40 0.00487
41 0.00518
42 0.00521
43 0.00545
44 0.00539
45 0.00561
46 0.00585
47 0.00596
48 0.00650
49 0.00647
50 0.00678
51 0.00689
52 0.00733
53 0.00756
54 0.00789
55 0.00818
56 0.00847
57 0.00882
58 0.00904
59 0.00952
60 0.01001
61 0.01017
62 0.01081
63 0.01072
64 0.01152
65 0.01193
66 0.01229
67 0.01282
68 0.01321
69 0.01371
70 0.01448
71 0.01490
72 0.01549
73 0.01629
74 0.01734
75 0.01784
76 0.01865
77 0.01965
78 0.02056
79 0.02161
80 0.02257
81 0.02379
82 0.02515
83 0.02648
84 0.02861
85 0.03064
86 0.03292
87 0.03490
88 0.03792
89 0.04087
90 0.04505
91 0.04937
92 0.05530
93 0.06306
94 0.07443
95 0.08748
96 0.10294
97 0.12666
98 0.15916
99 0.20634
100 0.26979
101 0.34717
102 0.42487
103 0.48607
104 0.52346
105 0.53954
106 0.52549
107 0.49089
108 0.43662
109 0.37592
110 0.32800
111 0.28877
112 0.25946
113 0.23380
114 0.21013
115 0.18695
116 0.16826
117 0.15980
118 0.15276
119 0.14274
120 0.13091
121 0.12626
122 0.12747
123 0.13328
124 0.14066
125 0.15322
126 0.16969
127 0.19028
128 0.22125
129 0.27045
130 0.35079
131 0.46731
132 0.62889
133 0.78010
134 0.85796
135 0.84766
136 0.79376
137 0.75243
138 0.76118
139 0.81651
140 0.88089
141 0.85118
142 0.71970
143 0.60553
144 0.53631
145 0.51172
146 0.51539
147 0.54514
148 0.60801
149 0.69682
150 0.80853
151 0.90874
152 0.97629
153 1.00000
154 0.95260
155 0.83415
156 0.66467
157 0.51504
158 0.40271
159 0.32462
160 0.26907
161 0.22867
162 0.19763
163 0.17240
164 0.15360
165 0.13682
166 0.12324
