0 0.00000
1 0.00000
2 0.00002
3 0.00004
4 0.00007
5 0.00007
6 0.00006
7 0.00012
8 0.00016
9 0.00017
10 0.00016
11 0.00015
12 0.00019
13 0.00018
14 0.00026
15 0.00029
16 0.00027
17 0.00031
18 0.00031
19 0.00034
20 0.00034
21 0.00038
22 0.00036
23 0.00043
24 0.00042
25 0.00042
26 0.00047
27 0.00054
28 0.00052
29 0.00053
30 0.00060
31 0.00056
32 0.00062
33 0.00063
34 0.00065
35 0.00067
36 0.00071
37 0.00072
38 0.00076
39 0.00076
40 0.00080
41 0.00079
42 0.00084
43 0.00083
44 0.00089
45 0.00094
46 0.00097
47 0.00099
48 0.00102
49 0.00110
50 0.00109
51 0.00120
52 0.00121
53 0.00120
54 0.00127
55 0.00133
56 0.00138
57 0.00143
58 0.00149
59 0.00152
60 0.00161
61 0.00168
62 0.00173
63 0.00181
64 0.00185
65 0.00191
66 0.00196
67 0.00206
68 0.00212
69 0.00217
70 0.00223
71 0.00232
72 0.00243
73 0.00248
74 0.00258
75 0.00271
76 0.00275
77 0.00285
78 0.00293
79 0.00306
80 0.00314
81 0.00329
82 0.00342
83 0.00355
84 0.00366
85 0.00377
86 0.00393
87 0.00408
88 0.00422
89 0.00441
90 0.00461
91 0.00476
92 0.00496
93 0.00518
94 0.00548
95 0.00575
96 0.00605
97 0.00639
98 0.00674
99 0.00717
100 0.00760
101 0.00814
102 0.00873
103 0.00928
104 0.00986
105 0.01058
106 0.01128
107 0.01203
108 0.01280
109 0.01351
110 0.01427
111 0.01504
112 0.01593
113 0.01680
114 0.01792
115 0.01909
116 0.02040
117 0.02182
118 0.02323
119 0.02506
120 0.02697
121 0.02900
122 0.03137
123 0.03389
124 0.03630
125 0.03878
126 0.04192
127 0.04543
128 0.04945
129 0.05400
130 0.05946
131 0.06610
132 0.07323
133 0.08277
134 0.09380
135 0.10705
136 0.12338
137 0.14362
138 0.16664
139 0.19196
140 0.22187
141 0.25206
142 0.28337
143 0.31756
144 0.35211
145 0.40352
146 0.47393
147 0.59366
148 0.74924
149 0.90927
150 1.00000
151 0.93830
152 0.72979
153 0.54348
154 0.38339
155 0.28256
156 0.21552
157 0.17055
158 0.13983
159 0.11587
160 0.09903
161 0.08390
162 0.07284
163 0.06402
164 0.05691
165 0.05093
166 0.04571
