0 0.00000
1 0.00015
2 0.00015
3 0.00005
4 0.00020
5 0.00015
6 0.00015
7 0.00037
8 0.00035
9 0.00033
10 0.00031
11 0.00034
12 0.00025
13 0.00036
14 0.00036
15 0.00046
16 0.00051
17 0.00042
18 0.00063
19 0.00051
20 0.00058
21 0.00069
22 0.00065
23 0.00077
24 0.00076
25 0.00077
26 0.00089
27 0.00088
28 0.00085
29 0.00094
30 0.00103
31 0.00108
32 0.00111
33 0.00100
34 0.00116
35 0.00123
36 0.00108
37 0.00106
38 0.00120
39 0.00130
40 0.00136
41 0.00131
42 0.00148
43 0.00137
44 0.00138
45 0.00154
46 0.00151
47 0.00155
48 0.00162
49 0.00171
50 0.00178
51 0.00188
52 0.00184
53 0.00219
54 0.00205
55 0.00205
56 0.00211
57 0.00222
58 0.00216
59 0.00223
60 0.00228
61 0.00239
62 0.00253
63 0.00264
64 0.00276
65 0.00276
66 0.00296
67 0.00294
68 0.00306
69 0.00308
70 0.00311
71 0.00305
72 0.00332
73 0.00341
74 0.00342
75 0.00364
76 0.00363
77 0.00379
78 0.00407
79 0.00411
80 0.00418
81 0.00437
82 0.00441
83 0.00458
84 0.00475
85 0.00482
86 0.00493
87 0.00512
88 0.00524
89 0.00546
90 0.00555
91 0.00560
92 0.00593
93 0.00607
94 0.00643
95 0.00656
96 0.00665
97 0.00688
98 0.00736
99 0.00745
100 0.00766
101 0.00788
102 0.00816
103 0.00835
104 0.00868
105 0.00902
106 0.00923
107 0.00958
108 0.00975
109 0.01028
110 0.01045
111 0.01068
112 0.01108
113 0.01148
114 0.01196
115 0.01247
116 0.01299
117 0.01335
118 0.01385
119 0.01450
120 0.01512
121 0.01575
122 0.01634
123 0.01699
124 0.01783
125 0.01851
126 0.01922
127 0.02009
128 0.02087
129 0.02184
130 0.02302
131 0.02393
132 0.02512
133 0.02617
134 0.02761
135 0.02916
136 0.03063
137 0.03276
138 0.03431
139 0.03617
140 0.03860
141 0.04077
142 0.04351
143 0.04647
144 0.04963
145 0.05322
146 0.05704
147 0.06172
148 0.06683
149 0.07282
150 0.08033
151 0.08881
152 0.09913
153 0.11200
154 0.12802
155 0.14769
156 0.17267
157 0.20733
158 0.25102
159 0.31446
160 0.40402
161 0.52276
162 0.67514
163 0.84550
164 0.98892
165 1.00000
166 0.84757
