0 1.00000
1 0.77889
2 0.58364
3 0.48450
4 0.41280
5 0.35490
6 0.30754
7 0.26705
8 0.23023
9 0.20276
10 0.17827
11 0.15780
12 0.13770
13 0.12122
14 0.10610
15 0.09309
16 0.08205
17 0.07306
18 0.06539
19 0.05901
20 0.05345
21 0.04874
22 0.04425
23 0.04118
24 0.03796
25 0.03575
26 0.03333
27 0.03163
28 0.02988
29 0.02847
30 0.02719
31 0.02584
32 0.02528
33 0.02434
34 0.02320
35 0.02234
36 0.02172
37 0.02106
38 0.02055
39 0.01973
40 0.01916
41 0.01861
42 0.01820
43 0.01784
44 0.01761
45 0.01696
46 0.01630
47 0.01572
48 0.01563
49 0.01545
50 0.01464
51 0.01430
52 0.01427
53 0.01411
54 0.01379
55 0.01333
56 0.01301
57 0.01256
58 0.01266
59 0.01224
60 0.01196
61 0.01187
62 0.01123
63 0.01130
64 0.01110
65 0.01046
66 0.01053
67 0.01010
68 0.01000
69 0.00953
70 0.00952
71 0.00917
72 0.00940
73 0.00911
74 0.00884
75 0.00892
76 0.00871
77 0.00843
78 0.00838
79 0.00802
80 0.00805
81 0.00800
82 0.00789
83 0.00778
84 0.00756
85 0.00696
86 0.00719
87 0.00683
88 0.00693
89 0.00658
90 0.00653
91 0.00644
92 0.00595
93 0.00592
94 0.00587
95 0.00549
96 0.00565
97 0.00570
98 0.00509
99 0.00518
100 0.00497
101 0.00523
102 0.00492
103 0.00476
104 0.00491
105 0.00478
106 0.00451
107 0.00452
108 0.00414
109 0.00405
110 0.00445
111 0.00384
112 0.00393
113 0.00366
114 0.00365
115 0.00348
116 0.00335
117 0.00333
118 0.00332
119 0.00288
120 0.00331
121 0.00311
122 0.00272
123 0.00294
124 0.00272
125 0.00264
126 0.00256
127 0.00250
128 0.00262
129 0.00286
130 0.00263
131 0.00257
132 0.00234
133 0.00247
134 0.00204
135 0.00205
136 0.00218
137 0.00222
138 0.00201
139 0.00191
140 0.00209
141 0.00204
142 0.00198
143 0.00170
144 0.00135
145 0.00150
146 0.00151
147 0.00109
148 0.00140
149 0.00159
150 0.00118
151 0.00114
152 0.00125
153 0.00097
154 0.00073
155 0.00063
156 0.00086
157 0.00059
158 0.00080
159 0.00058
160 0.00057
161 0.00016
162 0.00066
163 0.00016
164 0.00000
165 0.00006
166 0.00019
