0 0.00284
1 0.00288
2 0.00322
3 0.00386
4 0.00409
5 0.00419
6 0.00450
7 0.00512
8 0.00500
9 0.00572
10 0.00606
11 0.00611
12 0.00664
13 0.00714
14 0.00777
15 0.00821
16 0.00852
17 0.00889
18 0.00961
19 0.00985
20 0.01030
21 0.01083
22 0.01143
23 0.01187
24 0.01251
25 0.01285
26 0.01393
27 0.01410
28 0.01456
29 0.01558
30 0.01612
31 0.01667
32 0.01766
33 0.01841
34 0.01929
35 0.01991
36 0.02138
37 0.02213
38 0.02316
39 0.02422
40 0.02561
41 0.02650
42 0.02770
43 0.02903
44 0.02986
45 0.03213
46 0.03334
47 0.03524
48 0.03656
49 0.03897
50 0.04043
51 0.04247
52 0.04506
53 0.04759
54 0.04979
55 0.05226
56 0.05532
57 0.05857
58 0.06169
59 0.06579
60 0.06943
61 0.07314
62 0.07777
63 0.08323
64 0.08957
65 0.09668
66 0.10443
67 0.11269
68 0.12137
69 0.13329
70 0.14635
71 0.16300
72 0.18416
73 0.20990
74 0.24293
75 0.28313
76 0.33883
77 0.40844
78 0.49707
79 0.61640
80 0.76699
81 0.91566
82 1.00000
83 0.98859
84 0.91118
85 0.82225
86 0.72492
87 0.63355
88 0.54694
89 0.47808
90 0.42150
91 0.37070
92 0.31979
93 0.26504
94 0.22138
95 0.19086
96 0.16883
97 0.14905
98 0.13326
99 0.12023
100 0.10832
101 0.09892
102 0.09147
103 0.08517
104 0.07953
105 0.07416
106 0.06909
107 0.06443
108 0.06049
109 0.05709
110 0.05421
111 0.05136
112 0.04851
113 0.04565
114 0.04303
115 0.04052
116 0.03788
117 0.03596
118 0.03400
119 0.03245
120 0.03012
121 0.02885
122 0.02691
123 0.02559
124 0.02458
125 0.02332
126 0.02230
127 0.02117
128 0.01991
129 0.01930
130 0.01814
131 0.01721
132 0.01673
133 0.01575
134 0.01498
135 0.01432
136 0.01354
137 0.01301
138 0.01245
139 0.01160
140 0.01090
141 0.01037
142 0.00961
143 0.00924
144 0.00877
145 0.00813
146 0.00780
147 0.00711
148 0.00655
149 0.00637
150 0.00574
151 0.00500
152 0.00477
153 0.00420
154 0.00403
155 0.00323
156 0.00305
157 0.00267
158 0.00219
159 0.00186
160 0.00133
161 0.00108
162 0.00084
163 0.00062
164 0.00027
165 0.00000
166 0.00007
