0 154741684730
1 156834125472
2 157007999299
3 165918048693
4 165344860313
5 167022867386
6 165831446862
7 164772587714
8 159512467354
9 156485284842
10 163251528512
11 164319160340
12 166335494458
13 165131082347
14 166007920796
15 163019120228
16 162386894065
17 164769996933
18 165721872903
19 166167114937
20 165038369005
21 153376760358
22 151393580971
23 155251909177
24 154639029501
25 166050641351
26 165496188951
27 165946716787
28 167064905037
29 165927616380
30 167061107486
31 169516869386
32 167242146059
33 166868063830
34 167524233954
35 166642686870
36 166298444906
37 168148564895
38 170752107720
39 168362073231
40 169063518254
41 170719952491
42 171230518474
43 169635946225
44 171111634314
45 171064202400
46 169938251138
47 170049529491
48 169768735236
49 169274834957
50 172272771619
51 171544047602
52 170761408013
53 170269330171
54 171231478186
55 169532422386
56 173559859876
57 172029059783
58 169294060769
59 170428289882
60 169553714366
61 175186044832
62 172929615143
63 171291799186
64 174047205439
65 172238497260
66 173925046241
67 176705535946
68 175212607380
69 175853227385
70 174239996322
71 175331149780
72 173448481071
73 175917103617
74 174102207967
75 170906245451
76 177768187513
77 179477032740
78 178096533111
79 177257199897
80 176428999407
81 178995193457
82 177246721697
83 180481355730
84 159485006758
85 140417142164
86 154166235773
87 182085247626
88 183609714018
89 177766884614
90 182573135170
91 181668288538
92 186148972494
93 186672708582
94 187340849904
95 191068698161
96 191050325340
97 192303915904
98 191470907131
99 195711258101
100 194263838939
101 191933951161
102 202720977374
103 203124458328
104 207725213729
105 213449179012
106 216436977017
107 226806425270
108 232394998163
109 249287556981
110 256673224710
111 268765077210
112 291371154997
113 323569973375
114 326049950346
115 362975783718
116 381242912495
117 429524986482
118 422683426554
119 560381867624
120 576966753811
121 573662105813
122 574188004134
123 550966728346
124 533263524650
125 509790781760
126 475508033353
127 445411218395
128 419146793465
129 385767253933
130 364001240538
131 339666146484
132 316150837075
133 300169641454
134 242065310064
135 231029754168
136 222687919147
137 219177672046
138 216913239981
139 211390601415
140 206593834279
141 206640633699
142 202332821681
143 197649521891
144 197116482825
145 195781602469
146 193474237712
147 192929656625
148 192569702231
149 188957033483
150 189474362502
151 191102280841
152 186888219325
153 188949401841
154 188782182124
155 190419284867
156 190720192666
157 187347743982
158 185036288121
159 186149085564
160 184900261186
161 186381734874
162 187333101663
163 187676651257
164 183954806721
165 185783079610
166 187805731421
167 190028588961
168 185047681092
169 177300627495
