0 290468961810
1 330733368528
2 358413761843
3 362649530249
4 300054220529
5 370864341174
6 375822769872
7 311127102658
8 385301579261
9 389885490247
10 395416513281
11 329631511533
12 388269173685
13 408395312792
14 414336031210
15 342216901315
16 427877116409
17 369944222159
18 439952607534
19 446433861467
20 424988899962
21 419582613015
22 382147404917
23 470156201001
24 424466376173
25 482826691798
26 490842303713
27 495398201202
28 504573942181
29 487707449465
30 414491136813
31 529884967570
32 536768720050
33 543424516087
34 554848928657
35 477562911370
36 572318398825
37 457382840032
38 596803913066
39 593112068798
40 462095812725
41 537085001750
42 616141811476
43 483692110872
44 592727595485
45 557311978109
46 518655265709
47 512769412307
48 692142327733
49 706814378114
50 720950743976
51 540207899558
52 605778350810
53 558048958792
54 668013660007
55 575253927356
56 808437655981
57 824420899480
58 841957814416
59 634574018530
60 618575785113
61 892023867082
62 910837160174
63 929297808445
64 881532063341
65 696186556124
66 676555076675
67 689936207690
68 767220241098
69 709378680859
70 1079733730953
71 1054760667164
72 798997724318
73 755542204233
74 1176402636234
75 1199183277621
76 894442649625
77 1243921211272
78 926033216944
79 833873863504
80 1155095144490
81 1220253235595
82 904591080815
83 889787869398
84 1425901286636
85 922689139837
86 1468291220801
87 1212941657319
88 1538862121452
89 1590754523593
90 1588031606187
91 1041539786949
92 1057566199718
93 1740781560029
94 1604760658281
95 1816229493967
96 1862051207623
97 1216131061087
98 1627319410739
99 1234613410403
100 1999294962287
101 1290981706860
102 2087001885653
103 1432584221993
104 1695987275258
105 2188397736665
106 2219875456601
107 2255294693924
108 2290592238578
109 1583261856603
110 1887504178935
111 2381287260821
112 2403698443546
113 2434826307417
114 1813953176193
115 2495152270019
116 2519683577871
117 2544628367414
118 2557885912038
119 2530734679493
120 2611402115391
121 2641829072842
122 2257154299510
123 2320221936399
124 2715127007007
125 2419466255332
126 2591474518756
127 2621766406170
128 2628474812543
129 2750005702461
130 2896603355217
131 2878537020218
132 2974699830866
133 3052157638705
134 3083462302368
135 3084397064577
136 3004116634041
137 2994062841089
138 2950383513986
139 2870731507491
140 2871432294722
141 2506731394996
142 2717230770601
143 2500031511897
144 2650249245782
145 2478449434537
146 1929196920586
147 2455098492019
148 2373556106245
149 2308472509308
150 2306872505439
151 2231353721655
152 1659479255176
153 2095236909192
154 2015879545109
155 1403883416888
156 1459794663472
157 1839282947323
158 1779588205611
159 1740636756993
160 1690080135351
161 1538101770164
162 1596473405264
163 1564421299337
164 1056183141549
165 1486205385375
166 1017693350432
167 1120088754072
