0 153574959968
1 153823936646
2 152641201902
3 155906278144
4 217500946350
5 222116354045
6 231289981028
7 234321941301
8 241717544171
9 247345328489
10 264253600679
11 274881800118
12 283058623202
13 291594477720
14 308640677877
15 337118011624
16 354798450813
17 378454461617
18 399370269964
19 430392482450
20 463457176577
21 501112736570
22 542655445464
23 597019067934
24 642088461261
25 698630071357
26 759354138693
27 806073070691
28 859388648030
29 898686459190
30 915590583038
31 924903769622
32 914266165909
33 873590806613
34 846882448438
35 786590485781
36 736991357877
37 691165776544
38 618217273173
39 570173562531
40 532236947010
41 498095164550
42 460469347908
43 430613734453
44 406817927714
45 391314420428
46 370574420181
47 350536031450
48 338977948260
49 322243192818
50 314363469576
51 307869319267
52 300231559888
53 292303410381
54 288012046251
55 284028885235
56 280358442316
57 276648243046
58 278284569510
59 281290083407
60 284552245943
61 284052428309
62 292712206134
63 299265283051
64 307888708650
65 320865234696
66 338019172586
67 361277036687
68 374374197395
69 395873565631
70 412835549243
71 433420745761
72 453198896857
73 467044642539
74 472525234859
75 478501397826
76 462850070990
77 460500994936
78 441087805616
79 427493673737
80 414232373231
81 393173816994
82 381035461798
83 373121387795
84 365824784260
85 363820519945
86 362053629559
87 369601470161
88 374147530070
89 379063839115
90 384449808610
91 383875930037
92 400063384452
93 413182222169
94 421634226073
95 433040954889
96 440051556638
97 445863887948
98 441943439576
99 442691572889
100 417436439464
101 408864113842
102 407094613357
103 402936102231
104 409466490858
105 354356286501
106 333302613006
107 321365089426
108 309646707229
109 299115893042
110 286593566984
111 290104549350
112 283537650145
113 274809771040
114 271515314210
115 271466392062
116 251019064329
117 251984658249
118 243337756576
119 241340388399
120 234912929757
121 231738174320
122 226610470895
123 224211552080
124 220381192613
125 229642816972
126 222148252008
127 222705527490
128 216115025840
129 216137352540
130 214414281747
131 209762091752
132 209303645363
133 206537690955
134 203424761471
135 203885410811
136 186057395219
137 186635731591
138 188205292195
139 184446423578
140 182374225275
141 179835784424
142 175345371868
143 178986056300
144 182273035720
145 178287968658
146 177632756752
147 178103475891
148 174830052362
149 173810411574
150 176602637497
151 174381500705
152 175227188211
153 170857654348
154 171873661782
155 171761279562
156 171270332917
157 171021494610
158 168000975648
159 167631401901
160 168483446881
161 166780884799
162 168554240588
163 167709467092
164 170830964817
165 170780067303
166 170587597725
167 172006053918
168 170640735095
169 167218478659
170 168721375394
171 169608786137
172 169051725084
173 169919254799
174 170706978806
