0 92372491906
1 92871974121
2 93954131485
3 93853764873
4 93420010762
5 93126414200
6 93643668968
7 92418463886
8 93697069047
9 93025322864
10 93870338120
11 94294873111
12 93769558591
13 93634466930
14 94824291961
15 93398825467
16 94724662361
17 94570295699
18 94437825656
19 94384304969
20 95800495534
21 94840621171
22 94659319883
23 94231152259
24 94697012718
25 95877947059
26 94026617658
27 94741027950
28 95072639657
29 94821618638
30 96052853760
31 95054443731
32 95599751042
33 95956445983
34 94892186013
35 95511894306
36 95578443062
37 95094738272
38 96053020841
39 97179903793
40 96082765169
41 96740811346
42 96530455612
43 97946765322
44 95547472127
45 96796119508
46 96242605572
47 96968992123
48 96642153256
49 96651822679
50 97894911682
51 96984631779
52 98149843923
53 97153081404
54 98146796758
55 96526899377
56 99189160678
57 97245098784
58 99303062950
59 98603238091
60 100485757267
61 98909065148
62 99349904324
63 99123485599
64 98868084431
65 99261855436
66 99443113048
67 100713489033
68 100122568362
69 100695484745
70 101791604770
71 102098997986
72 102203324484
73 101154144588
74 101369462062
75 100703639982
76 102430641586
77 101719956153
78 103906647290
79 102949182983
80 102682206679
81 102965560019
82 103020964676
83 103334844801
84 103518463694
85 103725620938
86 104623198526
87 105348423985
88 105507624017
89 105759968912
90 105881471801
91 106869129436
92 106628060809
93 108739626385
94 109063230062
95 110203582662
96 109371842788
97 110229248612
98 111104774742
99 111883309841
100 111687353403
101 111693823945
102 112071370114
103 112917474780
104 115147339426
105 115719352697
106 116917746975
107 117381323101
108 120166099094
109 120195234476
110 122355952607
111 122371385533
112 125798193756
113 127086998736
114 128753497706
115 131451674946
116 132597882376
117 133894535443
118 138047785600
119 141800698770
120 144866053264
121 147688108514
122 153064607279
123 157097342174
124 161175112209
125 166980367451
126 173192062387
127 182389289232
128 190372510109
129 198308234639
130 210927688333
131 219774865627
132 234117241180
133 248842878844
134 266832277433
135 290046225716
136 313990410288
137 347435294822
138 381431596450
139 419495302926
140 466924237708
141 524102267713
142 591646941319
143 672730797331
144 783445380716
145 914027715884
146 1072784853175
147 1259403184776
148 1472136711006
149 1662214149482
150 1839185597833
151 1953198916803
152 2019424743053
153 2011848255308
154 1923847351520
155 1796866415025
156 1624810468282
157 1433438935186
158 1257777761424
159 1092016486585
160 925970421562
161 787455698511
162 673925852970
163 586021266981
164 513812823961
165 451579082245
166 396589008832
167 352311277995
