0 26669215074
1 26727074518
2 26839214166
3 26750598816
4 27110427306
5 26824476192
6 26720181849
7 26412633939
8 26652880439
9 27039343877
10 26907878688
11 26952528997
12 26808998816
13 26708075078
14 26680912797
15 27146732172
16 27126171493
17 27079143803
18 27000116762
19 26714477139
20 26715229327
21 26778160345
22 26896544578
23 27191181127
24 26925480898
25 27069855341
26 27232114938
27 26898147219
28 26999469584
29 26475698755
30 26597226490
31 26760043848
32 26827417156
33 27104609612
34 27292352388
35 27003104844
36 26880752052
37 26841122285
38 27471393499
39 27115198727
40 26828979983
41 27549291085
42 26962859263
43 26943911275
44 26998402485
45 27270740056
46 27143555921
47 27071039184
48 27227935342
49 27386879696
50 26989188246
51 27559445947
52 27075984608
53 27397216862
54 27116806904
55 27231581191
56 27463511780
57 27384309882
58 27191978815
59 27505128200
60 27772037943
61 27760341842
62 27531147951
63 27522311701
64 27852744195
65 27803598031
66 27688293494
67 28005767488
68 27576863299
69 28064073214
70 27517960947
71 27613756650
72 27297877281
73 27605690823
74 27665396521
75 28163092111
76 28401119006
77 28378378846
78 28467456172
79 28329905502
80 28623837115
81 28611458239
82 28055832467
83 28267352330
84 28520591738
85 28625427320
86 28734184728
87 29066250097
88 28773433075
89 28993318966
90 29004976750
91 28851233926
92 29044058392
93 28713740857
94 29197700986
95 29186885112
96 29476405614
97 29462563983
98 29689998939
99 29504895885
100 29265670157
101 30004474115
102 29800993392
103 30098363380
104 30107211994
105 30077854299
106 30436735921
107 30844176260
108 30664730094
109 30833599220
110 31148149821
111 31412131817
112 31691890131
113 31976330072
114 32316938282
115 32511768604
116 32749422402
117 33014554020
118 33561629412
119 33948090701
120 34539469037
121 34738095702
122 35274300445
123 36081946342
124 37079244091
125 37531617116
126 38061207693
127 38856764736
128 39364611923
129 40966190869
130 42315532122
131 43658469784
132 45640362060
133 46791035707
134 46572700805
135 46135153091
136 48141334850
137 50120149997
138 52357991260
139 55477894928
140 58435810935
141 62191762170
142 66280177623
143 72466229816
144 77858816004
145 84480941563
146 93182833062
147 104019968783
148 116902847749
149 133767991854
150 154000969216
151 178123275383
152 203831886590
153 229874197430
154 251281069573
155 263547397903
156 266677833744
157 262284683842
158 246423873071
159 224447029981
160 201813069601
161 177877395076
162 177757190597
163 154596163454
164 136067332201
165 136305624587
166 117828459370
167 103946313741
