0 64431291097
1 64537574205
2 64789848151
3 66010596382
4 66075673390
5 66498626146
6 68065414084
7 68312465122
8 68979865948
9 69913434962
10 71655205767
11 72865683094
12 73676387688
13 75753219420
14 77473096581
15 78394607983
16 81231194288
17 83077347927
18 85591993225
19 87287321247
20 90891927934
21 93989213799
22 97149165758
23 101500170987
24 105891059576
25 108493565738
26 114500892473
27 119463428616
28 124519500089
29 128859523749
30 132793569067
31 139552240316
32 142682447552
33 147615975423
34 150254994037
35 151685340586
36 153838349914
37 156108236050
38 159199299737
39 159145477998
40 159366880646
41 163476109730
42 166799953165
43 170892370522
44 173334024955
45 170357080361
46 174986863026
47 174477027492
48 175143812412
49 174331686597
50 174510515822
51 174587396723
52 173643252686
53 172342739426
54 171171452757
55 170423444339
56 169439701164
57 165982216401
58 161738357137
59 159084997235
60 156595331511
61 154680226200
62 154547315492
63 156099071034
64 160858463322
65 166389341569
66 176528907557
67 188315333407
68 203387235707
69 226925106550
70 249761460758
71 278204013214
72 315947191592
73 359796193379
74 400163340363
75 443155909782
76 493839310768
77 545214275238
78 591760526503
79 632741222219
80 662487418193
81 687503303112
82 686770473034
83 687404416856
84 666446726714
85 642078649271
86 601369070183
87 557486157209
88 506075584474
89 459604053403
90 422240756514
91 387840625448
92 355929414346
93 321694732732
94 291856139128
95 266974573037
96 249127844601
97 233228168174
98 222350438007
99 212299630649
100 207239904060
101 206736863769
102 208651318829
103 212071328594
104 215384535733
105 223073099261
106 226903420307
107 231107902010
108 234228116331
109 238231212134
110 244437490606
111 245887376681
112 248584954610
113 247479524517
114 244743367976
115 236763401346
116 223117982463
117 207226818168
118 194194841265
119 179928507990
120 169395111473
121 160832066935
122 152283433618
123 147158050699
124 143095696658
125 143648534063
126 141232877624
127 142387472722
128 140190045483
129 143526803496
130 144768029091
131 149325162287
132 151578391741
133 155219833479
134 158098561893
135 160462770815
136 161316995884
137 161329683233
138 159946494613
139 157694248794
140 151305970023
141 146086534668
142 138546581387
143 132423587754
144 126370638481
145 120024678006
146 115130038707
147 110241725256
148 104933678180
149 101457088608
150 99880617524
151 96938562888
152 93859389398
153 92181831231
154 91057341598
155 88816126062
156 87164424040
157 84927606959
158 84087414384
159 82972749165
160 81713687719
161 81507466793
162 79778351074
163 78910378223
164 80316453976
165 79076111510
166 77287193024
167 77210769571
