0 47574999486
1 47411728028
2 47224334311
3 47354877274
4 47904236428
5 47944238458
6 47870998580
7 48754656101
8 48579093158
9 49226668412
10 49781772496
11 50098338984
12 49753387968
13 50499685163
14 51491220696
15 51800525193
16 51837887730
17 52413778815
18 53281982492
19 53564398267
20 54497561463
21 55731666328
22 56887799653
23 57752560475
24 58544298563
25 60267888752
26 61516406355
27 62957802014
28 64092995451
29 65394032625
30 67338279914
31 68404938175
32 69187650692
33 69100941728
34 70218523699
35 70847214436
36 72602595102
37 73476340819
38 73308882372
39 73870256030
40 75569710912
41 75231990671
42 75857224814
43 76739794555
44 77261916972
45 78559306206
46 78694987825
47 79973025022
48 79552056370
49 80376341595
50 81235719429
51 80075924996
52 79492578033
53 79259809495
54 79111738603
55 79055586058
56 78325328580
57 78702779068
58 79074308674
59 77304952083
60 75637145017
61 74670191320
62 74892108812
63 75121713523
64 75341118336
65 75723830646
66 76190849587
67 78280838554
68 82315566785
69 84739041673
70 90567184854
71 96088920116
72 102458915258
73 112600945546
74 123356245560
75 133403893191
76 145432496958
77 156162954867
78 169116521055
79 181141873959
80 195536167836
81 204866439804
82 213100392088
83 218278188665
84 217867493035
85 215940799526
86 205145403083
87 194768230913
88 182177525284
89 169607109204
90 156264927787
91 145744419915
92 136587633249
93 127448528975
94 118247366540
95 108890005109
96 101598201700
97 97238133844
98 91820373064
99 88934379768
100 87208518602
101 85823606653
102 85524780774
103 86404399299
104 86250424512
105 86929187355
106 88991938825
107 89239967215
108 90449500839
109 92035981917
110 91693866694
111 93682909696
112 93769921864
113 94650206416
114 95343863041
115 93610682557
116 92691739757
117 88962961795
118 85569330956
119 83650071867
120 80513173584
121 77691442054
122 75938939537
123 72719411763
124 71352867826
125 71126808048
126 70198968725
127 70185225792
128 71074874645
129 70598601036
130 71231471529
131 71851474507
132 72459761345
133 74226421815
134 74029896226
135 75795158073
136 75645260240
137 77437493277
138 76507035751
139 76261887543
140 75875561492
141 74939035167
142 72823659487
143 71812729062
144 70223341064
145 68953691068
146 67077092350
147 65540091546
148 64347494023
149 63553536577
150 62069433413
151 60995838202
152 59498887613
153 59134707484
154 59192359875
155 57999558176
156 57772941061
157 57058664562
158 56944522017
159 56250870371
160 55633302430
161 55873426290
162 55182034713
163 54272626668
164 54783438005
165 54121904250
166 53901191545
167 54483373444
