0 202912026495
1 204564805014
2 203756564807
3 206700064657
4 210464126613
5 208125248186
6 207698740618
7 208505236858
8 207590754661
9 209347823443
10 210203958829
11 206717979934
12 206321088743
13 205593581470
14 207868944729
15 210480038444
16 209512455818
17 207400361315
18 210087808991
19 210979886900
20 211008388201
21 208323415673
22 209114852733
23 207736175718
24 211088860334
25 213942524288
26 211876464108
27 209723604293
28 209659548373
29 212311189909
30 214314109422
31 211241374467
32 208734261199
33 209747702042
34 207786635933
35 205327213741
36 213244278444
37 213046015463
38 215405280975
39 212739156368
40 210899624344
41 211683218679
42 213978798961
43 211130579971
44 215516686520
45 210044339133
46 213271861182
47 211239010157
48 209844609905
49 212942835820
50 216414540256
51 213030959088
52 214052191298
53 219538455109
54 215704654361
55 213878930683
56 214319574306
57 219031456611
58 219804124690
59 217429440918
60 217615248279
61 221212016250
62 217483233019
63 216473036549
64 216526493639
65 219521365024
66 220408303299
67 217601528880
68 219591249566
69 219976314920
70 217318378224
71 220948311096
72 222815848114
73 220628542128
74 222772198712
75 219927072060
76 217662848485
77 221088972476
78 224699630407
79 222116833273
80 221803805290
81 220166623203
82 221254822453
83 220664104668
84 225412154617
85 222077080006
86 222302092107
87 222683357948
88 225874938183
89 226500257046
90 226957937720
91 223387160902
92 228895409578
93 228090070772
94 234386917008
95 232119152169
96 234966476249
97 237564829553
98 239013669025
99 239255837444
100 242285063188
101 246365821109
102 248676314450
103 251138337899
104 257864910481
105 263323816494
106 270088119183
107 276875324799
108 287516278015
109 304124767170
110 317188215957
111 332083744985
112 355626420250
113 382072762427
114 415362713029
115 459171860135
116 495216468551
117 550693767622
118 596856602133
119 642067117939
120 695004078263
121 749089749573
122 802041874715
123 821269500437
124 834282415673
125 807600462488
126 800265228641
127 789503752406
128 753699663126
129 685955752147
130 646210050326
131 607959952734
132 559461664341
133 518246936542
134 477939086076
135 438741787109
136 404863509761
137 382289024686
138 352114889085
139 332659241909
140 312156123032
141 296447434020
142 286135165216
143 276133213192
144 266135657535
145 259797784517
146 257085627216
147 252878490925
148 247958060260
149 246755908989
150 241365710073
151 242387020198
152 240683101458
153 242756421559
154 239685443078
155 239027027755
156 238130810893
157 237152273100
158 239371004897
159 240240990382
160 232505016182
161 234673164304
162 236046858180
163 232253865649
164 234986501822
165 233123692948
166 232659212779
167 230766484112
168 229829716696
169 230555607453
