0 258665726053
1 259697261636
2 259436642192
3 251662809920
4 239726656262
5 223877878797
6 260699698042
7 255301203989
8 257180099824
9 260165167623
10 258411183750
11 259026748870
12 259883840051
13 260264061893
14 262947070964
15 263723759633
16 265024094855
17 266533059281
18 262902889190
19 263180153511
20 260199668000
21 265842217573
22 265082871349
23 263985977537
24 261865416164
25 263798541856
26 263006556471
27 271078373300
28 267051506261
29 261624696810
30 248564683760
31 248940754752
32 266868572246
33 266992283492
34 267494241919
35 267542267873
36 271990682196
37 267950750960
38 269393399699
39 272420889043
40 268284730690
41 265344693228
42 269766148843
43 271417883144
44 274782371714
45 268797771315
46 271809660723
47 266878069534
48 272293159101
49 272864902784
50 273457843772
51 275310776085
52 264545280231
53 272284155855
54 270324766917
55 279050655982
56 273573085043
57 270638900541
58 275332157841
59 272521023981
60 273509627116
61 269969132174
62 273449889333
63 280453219738
64 276389761705
65 276044862416
66 274963410084
67 282423903484
68 282406743812
69 281856462451
70 285806352939
71 288943413579
72 285705189474
73 287961138999
74 293416737989
75 288790190645
76 293183995835
77 293890172054
78 293385978184
79 292546308326
80 296217246596
81 302262018662
82 301382368895
83 302629615674
84 305343463419
85 305779742092
86 306780455085
87 308482846356
88 313602762938
89 319901182231
90 319522719106
91 320902605659
92 330580642866
93 336025949410
94 341641443276
95 343701162133
96 347814183547
97 354604897032
98 366189521102
99 377201664333
100 387630595968
101 399803599824
102 417818186813
103 435341048430
104 454671578160
105 484977751424
106 518445394001
107 549171287236
108 605690653317
109 654522291219
110 721620991434
111 800168684075
112 887922897829
113 1008329031595
114 1090721423074
115 1247476120505
116 1452942102781
117 1626752510741
118 1802331717403
119 1959288359369
120 2132488638571
121 2291240527317
122 2346928391510
123 2388252964965
124 2387819426847
125 2366530166984
126 2280642279377
127 2159516440111
128 2017950493266
129 1847748757520
130 1693935626042
131 1550165496405
132 1388344735689
133 1251498660529
134 1115427146874
135 991019930930
136 876557449607
137 771582198644
138 700825392764
139 633118882121
140 550170115853
141 516117398015
142 454017104072
143 418802903156
144 428040990252
145 408261174070
146 395291187571
147 386247263534
148 381552938210
149 372151092684
150 359850022090
151 353603136778
152 352197370008
153 346759919882
154 341831087160
155 338761651195
156 337006635198
157 330137697102
158 335105299891
159 327118575854
160 325007851985
161 326348091793
162 323610522413
163 318386465778
164 315633652261
165 318231859889
166 312329803206
167 314340645779
168 309604053421
169 313821753288
170 311592942032
171 285778206398
172 314142586622
173 314561424028
174 293974608374
175 292249822849
176 309097777477
177 307793686496
178 308744045646
