0 627460198385
1 621657762417
2 634217107138
3 628462231004
4 643034060181
5 645305976013
6 655497149926
7 663039321514
8 668652138556
9 674985693595
10 681908147784
11 678060506023
12 697896292684
13 692312473142
14 696748351383
15 722155050359
16 710492322505
17 715607221531
18 727944216328
19 749745312294
20 742297717797
21 768054923776
22 778802793741
23 786397092305
24 777320453265
25 804696592943
26 812583506050
27 819719728923
28 815433459868
29 819258327624
30 827148991636
31 837832396356
32 868097966500
33 874302538876
34 890714630625
35 876643571564
36 916538036763
37 926435909893
38 923057802169
39 925603065078
40 964727509811
41 975777792074
42 955936703401
43 1000140331332
44 1003263963126
45 1029791877712
46 1043283863663
47 1020414400787
48 1071782626130
49 1046660838886
50 1092682533490
51 1118539630884
52 1132162749044
53 1151111622732
54 1116147004565
55 1182976669009
56 1199820542654
57 1216034233942
58 1235809026637
59 1251056706793
60 1242845744331
61 1289139865078
62 1266937997128
63 1334153532738
64 1300134512663
65 1365570586570
66 1350954392565
67 1354960924702
68 1449738708009
69 1402702446949
70 1448811788023
71 1520539207142
72 1548140762923
73 1496056049372
74 1521044615028
75 1645081083004
76 1677942821589
77 1697929652722
78 1663927185266
79 1783165507409
80 1821877783958
81 1868577560708
82 1870845953870
83 1826565839927
84 1995838514152
85 1906897416754
86 2090363655090
87 2139281787926
88 2054143142393
89 2130368588185
90 2161321474676
91 2378939850585
92 2409439683594
93 2413132114109
94 2590786534310
95 2662173117847
96 2728999104439
97 2732204928685
98 2901719383191
99 2987322408942
100 3011730550327
101 3005508576174
102 3323428987358
103 3429269040084
104 3549316417915
105 3695024356184
106 3843803805199
107 3843533815792
108 4174966202097
109 4271026481824
110 4644305322291
111 4759969377026
112 5202685792865
113 5569716799442
114 5976833420142
115 6435335253049
116 7014081188357
117 7504802227452
118 8260421987698
119 9008387589342
120 9888947915765
121 10878351639696
122 11920895461765
123 12834702267216
124 13578264284575
125 14252260167173
126 14689950242925
127 14935688993690
128 14826077872826
129 14491993577849
130 13915972282281
131 13397557709490
132 12711908211434
133 11998640168407
134 11271828057585
135 10508562505734
136 9791293244136
137 9085274475388
138 8451059256241
139 7682800093735
140 7255683036847
141 6734768066754
142 6276556587239
143 5697489664181
144 5306144021452
145 4975139898820
146 4782519046315
147 4510918444057
148 4254252082040
149 4034394467338
150 3690209129072
151 3634335588372
152 3456760070347
153 3313064651645
154 3156981967412
155 3049243496247
156 2805516443046
157 2703071265751
158 2625575902654
159 2625777591295
160 2536601037641
161 2450089386869
162 2374475320052
163 2203842317963
164 2209656752608
165 2147383457081
166 2064452225316
167 2015634972383
