0 290133679683
1 253470704835
2 232587194386
3 292390512630
4 294953232739
5 298008941708
6 242013637501
7 306510413514
8 314004237292
9 319565533286
10 329000675656
11 334983599641
12 339287038959
13 343477586315
14 345815997749
15 267938841098
16 270944673465
17 282247251193
18 281930063130
19 336666863404
20 369502822834
21 288502021614
22 385223628323
23 351911763610
24 407124986141
25 308910525316
26 416712501431
27 429404386313
28 432789105349
29 445411791578
30 443285383058
31 381266311662
32 457404354308
33 343164910273
34 474349553485
35 484053866024
36 494707771568
37 508078422929
38 520899959361
39 534698139572
40 548539885474
41 558317381996
42 568331386811
43 585786484049
44 475968182319
45 608097182475
46 510709685546
47 628560452740
48 429298104749
49 647701596050
50 515937280958
51 679977138797
52 700519347597
53 717364672034
54 470063438988
55 758645012768
56 665843682201
57 789570219924
58 726229706923
59 502239249641
60 619220477764
61 852708921682
62 867585807316
63 539064950706
64 549657667867
65 919517200212
66 946723372965
67 973340883298
68 573947667883
69 1018594782154
70 1042166677080
71 1061984361168
72 1088269146743
73 1105392778355
74 628613840337
75 1002839382303
76 660591248182
77 1163735383099
78 697140551434
79 1215479021766
80 707355259160
81 1271114990690
82 1014690407007
83 729428366351
84 1360582104810
85 1069236492711
86 769691316286
87 781984404768
88 1476584973228
89 1513755674889
90 1544329645685
91 1570829398011
92 875283924632
93 1638597425758
94 1326830398166
95 1715884509305
96 942359360646
97 1782067383361
98 1244364362755
99 1793596806566
100 1897871280196
101 1927425219817
102 1957930056975
103 1080693274606
104 1395987582536
105 1130301211069
106 1155411403848
107 1183746794381
108 1210665440369
109 1240088926076
110 2085709848793
111 2092731525266
112 2088533208030
113 2086056380794
114 2080744791059
115 2066492661897
116 1780948351430
117 2027165656010
118 1895692366708
119 1966296082467
120 1774685010475
121 1424024899272
122 1421721972638
123 1410008760101
124 1688531407246
125 1309324090037
126 1230684353245
127 1211364914747
128 1256109672431
129 1609773652575
130 1720280567161
131 1421033250807
132 1857564456147
133 1893557200697
134 1928755492826
135 1949059875310
136 1386568484314
137 1964680359991
138 1949692446526
139 1299454234526
140 1930508490153
141 1912557381261
142 1884470058908
143 1862149343358
144 1830468144166
145 1799419702200
146 1763897253202
147 1703775212285
148 1516314970115
149 1663112489426
150 945950030142
151 1594674992480
152 1560044064587
153 874477011773
154 853998536347
155 1465438613297
156 820421766766
157 1181789264592
158 850774353512
159 1211332923937
160 1062143204155
161 1266001871489
162 887107106836
163 1123388521080
164 828436205632
165 1170015358989
166 905681345021
167 1072737786875
