0 519674242137
1 518762145391
2 543412010481
3 559237411061
4 582812527770
5 608107367347
6 641426155509
7 669449217010
8 705608568978
9 759688639965
10 806000757866
11 859753745560
12 915364002857
13 991617623331
14 1067473910927
15 1162763748812
16 1267018466036
17 1389052883053
18 1527555638623
19 1941706172951
20 2167992361397
21 2401255534059
22 2677440491142
23 3294764100543
24 3642891698123
25 3955336962819
26 4254692673689
27 4479231172099
28 4640527462278
29 4702178366792
30 4657625979541
31 4509896444821
32 4308184647946
33 4103428634641
34 3754984598243
35 3450924298790
36 3154197720345
37 2855536274158
38 2588271286789
39 2139975685865
40 1991591887613
41 1825598647618
42 1698197655198
43 1583899741791
44 1495359717668
45 1417870482580
46 1348608934334
47 1293613947568
48 1246022664186
49 1213232789961
50 1181682472501
51 1162361626267
52 1148147582406
53 1132891055663
54 1133708837935
55 1128080192130
56 1133532575404
57 1141012343304
58 1142791494393
59 1145511009827
60 1163503979936
61 1173630031164
62 1191779280167
63 1202431729673
64 1227067078680
65 1245606799475
66 1284300843064
67 1297999881891
68 1338256433074
69 1381052032825
70 1416580854149
71 1454290212167
72 1481919949692
73 1487051423147
74 1502496605579
75 1475867473352
76 1456629447366
77 1405187351959
78 1363467553098
79 1316652039297
80 1269111361415
81 1228572381726
82 1200484274446
83 1155727332833
84 1113874170651
85 1079755249880
86 1037779587756
87 1001598190728
88 953353956439
89 916817991778
90 883063488687
91 852322339062
92 826586043309
93 793914823783
94 760248263140
95 745492039485
96 723925335604
97 700882740485
98 679703892298
99 665245570206
100 656155786152
101 641262056814
102 620662104311
103 614813600030
104 604355832943
105 592598673364
106 590202966430
107 585775599906
108 575975433316
109 564227742901
110 565499554169
111 558766592101
112 552447592500
113 547119445544
114 541465361166
115 534270264825
116 521913106793
117 517127523961
118 506592694623
119 500397853194
120 494635779590
121 488603812328
122 479179497752
123 477437644764
124 474259211752
125 466337779742
126 468698483039
127 463259505792
128 465371273745
129 459742659693
130 457420279335
131 456969386880
132 452433506321
133 446462893486
134 443508664780
135 434771053026
136 429920515967
137 427008730349
138 417961238870
139 414728221692
140 349256517502
141 343159012206
142 335891799705
143 333886976752
144 333286484547
145 327289903959
146 325764867045
147 323077928014
148 319632311667
149 321140089951
150 314584976172
151 312401689163
152 309814657224
153 305591763368
154 300385720988
155 301566850192
156 299722756782
157 303817473269
158 295503105928
159 296388968492
160 293882926490
161 289546713071
162 287875942451
163 286266268963
164 286481724814
165 285130189719
166 282131570376
167 280265558238
168 279789911285
169 278497733018
