0 19365155785
1 19717760226
2 19367494559
3 19433757345
4 19624687902
5 19384819972
6 19208352465
7 19438092484
8 19050453754
9 18982581895
10 19105342517
11 19364981157
12 19552575473
13 19355230190
14 19294394245
15 19449948345
16 19504734890
17 19464651423
18 19474637010
19 19410484447
20 19301387428
21 19630718992
22 19207017546
23 19489287695
24 19523348527
25 19444710442
26 19521386644
27 19496479920
28 19327233602
29 19605923605
30 19407329929
31 19436226022
32 19350650971
33 19511753483
34 19637218670
35 19322167545
36 19546397267
37 19409204853
38 19503333957
39 19381099270
40 19547049783
41 19435958902
42 19556284367
43 19217726536
44 19310620411
45 19554586230
46 19658593392
47 19527473060
48 19602825663
49 19487926127
50 19896883395
51 19619484357
52 19793968524
53 19576934670
54 19522713822
55 19597910113
56 19550170956
57 19622124836
58 19569155101
59 19751649440
60 19685619795
61 19712664683
62 19793048171
63 19647532627
64 19617747966
65 19635424503
66 19583678302
67 19587791014
68 19683613075
69 20105043566
70 19925685519
71 20203539659
72 19919576672
73 20030325177
74 19986074793
75 19888648557
76 19876923354
77 19685071986
78 19898500127
79 20030419665
80 20012096560
81 20180220454
82 19982514557
83 20008845623
84 20307308125
85 20106812121
86 20271409030
87 20146540355
88 20296189145
89 20100044325
90 20252712083
91 20321124194
92 20377733841
93 20513790187
94 20520686997
95 20532036725
96 20800263203
97 20813673757
98 20642761030
99 20746641310
100 21010333816
101 20911858847
102 21079499075
103 21231590943
104 21397836983
105 21490489123
106 21287410636
107 21571853979
108 21927325268
109 21831697017
110 22106660386
111 22142390290
112 22139776495
113 22326694382
114 22532879018
115 22957141309
116 23286232544
117 23406619408
118 23441456330
119 23865351124
120 24156933679
121 24488673664
122 25072767101
123 25199058619
124 25658421209
125 26365441052
126 27116281243
127 27349963824
128 28082822884
129 29512078924
130 30441011539
131 31052154814
132 32207081725
133 33927605585
134 35138701928
135 36946973253
136 39147360060
137 41793665098
138 44373421202
139 47670983462
140 51284654126
141 56124263007
142 61192106069
143 67935803389
144 76455033141
145 87386846150
146 100139315834
147 115650764567
148 135556980832
149 153476227468
150 171344349808
151 183717266670
152 188210325499
153 187137854622
154 179740937678
155 166046572791
156 149029935442
157 134415122298
158 116977470857
159 101090930396
160 87932372082
161 88663769429
162 75486207728
163 67037722133
164 59385111447
165 53678656512
166 48891903601
167 44352303139
