0 0.00
1 0.00
2 0.00
3 0.00
4 0.00
5 0.00
6 0.00
7 0.01
8 0.01
9 0.01
10 0.01
11 0.02
12 0.01
13 0.02
14 0.02
15 0.03
16 0.03
17 0.03
18 0.04
19 0.04
20 0.04
21 0.05
22 0.06
23 0.06
24 0.07
25 0.08
26 0.08
27 0.09
28 0.10
29 0.11
30 0.12
31 0.12
32 0.13
33 0.13
34 0.13
35 0.14
36 0.15
37 0.15
38 0.15
39 0.16
40 0.17
41 0.16
42 0.17
43 0.17
44 0.18
45 0.18
46 0.18
47 0.19
48 0.19
49 0.19
50 0.20
51 0.19
52 0.19
53 0.19
54 0.19
55 0.19
56 0.18
57 0.18
58 0.19
59 0.18
60 0.17
61 0.16
62 0.16
63 0.16
64 0.16
65 0.17
66 0.17
67 0.18
68 0.21
69 0.22
70 0.25
71 0.29
72 0.32
73 0.38
74 0.45
75 0.50
76 0.57
77 0.64
78 0.71
79 0.78
80 0.87
81 0.92
82 0.97
83 1.00
84 1.00
85 0.99
86 0.92
87 0.86
88 0.79
89 0.72
90 0.64
91 0.58
92 0.52
93 0.47
94 0.42
95 0.36
96 0.32
97 0.29
98 0.26
99 0.24
100 0.23
101 0.23
102 0.22
103 0.23
104 0.23
105 0.23
106 0.24
107 0.25
108 0.25
109 0.26
110 0.26
111 0.27
112 0.27
113 0.28
114 0.28
115 0.27
116 0.27
117 0.24
118 0.22
119 0.21
120 0.19
121 0.18
122 0.17
123 0.15
124 0.14
125 0.14
126 0.13
127 0.13
128 0.14
129 0.14
130 0.14
131 0.14
132 0.15
133 0.16
134 0.16
135 0.17
136 0.17
137 0.18
138 0.17
139 0.17
140 0.17
141 0.16
142 0.15
143 0.14
144 0.13
145 0.13
146 0.12
147 0.11
148 0.10
149 0.10
150 0.09
151 0.08
152 0.07
153 0.07
154 0.07
155 0.06
156 0.06
157 0.06
158 0.06
159 0.05
160 0.05
161 0.05
162 0.05
163 0.04
164 0.04
165 0.04
166 0.04
167 0.04
