0 0.00
1 0.00
2 0.00
3 0.00
4 0.00
5 0.00
6 0.01
7 0.01
8 0.01
9 0.01
10 0.01
11 0.01
12 0.01
13 0.02
14 0.02
15 0.02
16 0.03
17 0.03
18 0.03
19 0.04
20 0.04
21 0.05
22 0.05
23 0.06
24 0.07
25 0.07
26 0.08
27 0.09
28 0.10
29 0.10
30 0.11
31 0.12
32 0.13
33 0.13
34 0.14
35 0.14
36 0.14
37 0.15
38 0.15
39 0.15
40 0.15
41 0.16
42 0.16
43 0.17
44 0.17
45 0.17
46 0.18
47 0.18
48 0.18
49 0.18
50 0.18
51 0.18
52 0.18
53 0.17
54 0.17
55 0.17
56 0.17
57 0.16
58 0.16
59 0.15
60 0.15
61 0.14
62 0.14
63 0.15
64 0.15
65 0.16
66 0.18
67 0.20
68 0.22
69 0.26
70 0.30
71 0.34
72 0.40
73 0.47
74 0.54
75 0.61
76 0.69
77 0.77
78 0.85
79 0.91
80 0.96
81 1.00
82 1.00
83 1.00
84 0.97
85 0.93
86 0.86
87 0.79
88 0.71
89 0.63
90 0.57
91 0.52
92 0.47
93 0.41
94 0.37
95 0.33
96 0.30
97 0.27
98 0.25
99 0.24
100 0.23
101 0.23
102 0.23
103 0.24
104 0.24
105 0.25
106 0.26
107 0.27
108 0.27
109 0.28
110 0.29
111 0.29
112 0.30
113 0.29
114 0.29
115 0.28
116 0.25
117 0.23
118 0.21
119 0.19
120 0.17
121 0.15
122 0.14
123 0.13
124 0.13
125 0.13
126 0.12
127 0.13
128 0.12
129 0.13
130 0.13
131 0.14
132 0.14
133 0.15
134 0.15
135 0.15
136 0.16
137 0.16
138 0.15
139 0.15
140 0.14
141 0.13
142 0.12
143 0.11
144 0.10
145 0.09
146 0.08
147 0.07
148 0.07
149 0.06
150 0.06
151 0.05
152 0.05
153 0.04
154 0.04
155 0.04
156 0.04
157 0.03
158 0.03
159 0.03
160 0.03
161 0.03
162 0.02
163 0.02
164 0.03
165 0.02
166 0.02
167 0.02
