0 0.03
1 0.04
2 0.04
3 0.06
4 0.06
5 0.06
6 0.06
7 0.06
8 0.04
9 0.04
10 0.05
11 0.05
12 0.06
13 0.06
14 0.06
15 0.05
16 0.05
17 0.06
18 0.06
19 0.06
20 0.06
21 0.03
22 0.03
23 0.03
24 0.03
25 0.06
26 0.06
27 0.06
28 0.06
29 0.06
30 0.06
31 0.07
32 0.06
33 0.06
34 0.06
35 0.06
36 0.06
37 0.06
38 0.07
39 0.06
40 0.07
41 0.07
42 0.07
43 0.07
44 0.07
45 0.07
46 0.07
47 0.07
48 0.07
49 0.07
50 0.07
51 0.07
52 0.07
53 0.07
54 0.07
55 0.07
56 0.08
57 0.07
58 0.07
59 0.07
60 0.07
61 0.08
62 0.07
63 0.07
64 0.08
65 0.07
66 0.08
67 0.08
68 0.08
69 0.08
70 0.08
71 0.08
72 0.08
73 0.08
74 0.08
75 0.07
76 0.09
77 0.09
78 0.09
79 0.08
80 0.08
81 0.09
82 0.08
83 0.09
84 0.04
85 0.00
86 0.03
87 0.10
88 0.10
89 0.09
90 0.10
91 0.09
92 0.10
93 0.11
94 0.11
95 0.12
96 0.12
97 0.12
98 0.12
99 0.13
100 0.12
101 0.12
102 0.14
103 0.14
104 0.15
105 0.17
106 0.17
107 0.20
108 0.21
109 0.25
110 0.27
111 0.29
112 0.35
113 0.42
114 0.43
115 0.51
116 0.55
117 0.66
118 0.65
119 0.96
120 1.00
121 0.99
122 0.99
123 0.94
124 0.90
125 0.85
126 0.77
127 0.70
128 0.64
129 0.56
130 0.51
131 0.46
132 0.40
133 0.37
134 0.23
135 0.21
136 0.19
137 0.18
138 0.18
139 0.16
140 0.15
141 0.15
142 0.14
143 0.13
144 0.13
145 0.13
146 0.12
147 0.12
148 0.12
149 0.11
150 0.11
151 0.12
152 0.11
153 0.11
154 0.11
155 0.11
156 0.12
157 0.11
158 0.10
159 0.10
160 0.10
161 0.11
162 0.11
163 0.11
164 0.10
165 0.10
166 0.11
167 0.11
168 0.10
169 0.08
