0 0.00
1 0.00
2 0.00
3 0.01
4 0.01
5 0.01
6 0.01
7 0.01
8 0.01
9 0.01
10 0.01
11 0.01
12 0.01
13 0.00
14 0.01
15 0.01
16 0.01
17 0.01
18 0.01
19 0.01
20 0.01
21 0.01
22 0.01
23 0.01
24 0.01
25 0.02
26 0.01
27 0.01
28 0.01
29 0.01
30 0.02
31 0.01
32 0.01
33 0.01
34 0.01
35 0.00
36 0.02
37 0.02
38 0.02
39 0.02
40 0.01
41 0.01
42 0.02
43 0.01
44 0.02
45 0.01
46 0.02
47 0.01
48 0.01
49 0.02
50 0.02
51 0.02
52 0.02
53 0.03
54 0.02
55 0.02
56 0.02
57 0.03
58 0.03
59 0.02
60 0.02
61 0.03
62 0.02
63 0.02
64 0.02
65 0.03
66 0.03
67 0.02
68 0.03
69 0.03
70 0.02
71 0.03
72 0.03
73 0.03
74 0.03
75 0.03
76 0.02
77 0.03
78 0.03
79 0.03
80 0.03
81 0.03
82 0.03
83 0.03
84 0.04
85 0.03
86 0.03
87 0.03
88 0.04
89 0.04
90 0.04
91 0.03
92 0.04
93 0.04
94 0.05
95 0.05
96 0.05
97 0.05
98 0.06
99 0.06
100 0.06
101 0.07
102 0.07
103 0.08
104 0.09
105 0.10
106 0.11
107 0.12
108 0.13
109 0.16
110 0.18
111 0.20
112 0.24
113 0.28
114 0.34
115 0.41
116 0.46
117 0.55
118 0.62
119 0.70
120 0.78
121 0.87
122 0.95
123 0.98
124 1.00
125 0.96
126 0.95
127 0.93
128 0.87
129 0.77
130 0.70
131 0.64
132 0.56
133 0.50
134 0.44
135 0.37
136 0.32
137 0.28
138 0.24
139 0.21
140 0.17
141 0.15
142 0.13
143 0.12
144 0.10
145 0.09
146 0.09
147 0.08
148 0.07
149 0.07
150 0.06
151 0.06
152 0.06
153 0.06
154 0.06
155 0.06
156 0.06
157 0.05
158 0.06
159 0.06
160 0.05
161 0.05
162 0.05
163 0.05
164 0.05
165 0.05
166 0.05
167 0.04
168 0.04
169 0.04
