0 0.02
1 0.02
2 0.02
3 0.01
4 0.01
5 0.00
6 0.02
7 0.01
8 0.02
9 0.02
10 0.02
11 0.02
12 0.02
13 0.02
14 0.02
15 0.02
16 0.02
17 0.02
18 0.02
19 0.02
20 0.02
21 0.02
22 0.02
23 0.02
24 0.02
25 0.02
26 0.02
27 0.02
28 0.02
29 0.02
30 0.01
31 0.01
32 0.02
33 0.02
34 0.02
35 0.02
36 0.02
37 0.02
38 0.02
39 0.02
40 0.02
41 0.02
42 0.02
43 0.02
44 0.02
45 0.02
46 0.02
47 0.02
48 0.02
49 0.02
50 0.02
51 0.02
52 0.02
53 0.02
54 0.02
55 0.03
56 0.02
57 0.02
58 0.02
59 0.02
60 0.02
61 0.02
62 0.02
63 0.03
64 0.02
65 0.02
66 0.02
67 0.03
68 0.03
69 0.03
70 0.03
71 0.03
72 0.03
73 0.03
74 0.03
75 0.03
76 0.03
77 0.03
78 0.03
79 0.03
80 0.03
81 0.04
82 0.04
83 0.04
84 0.04
85 0.04
86 0.04
87 0.04
88 0.04
89 0.04
90 0.04
91 0.04
92 0.05
93 0.05
94 0.05
95 0.06
96 0.06
97 0.06
98 0.07
99 0.07
100 0.08
101 0.08
102 0.09
103 0.10
104 0.11
105 0.12
106 0.14
107 0.15
108 0.18
109 0.20
110 0.23
111 0.27
112 0.31
113 0.36
114 0.40
115 0.47
116 0.57
117 0.65
118 0.73
119 0.80
120 0.88
121 0.96
122 0.98
123 1.00
124 1.00
125 0.99
126 0.95
127 0.89
128 0.83
129 0.75
130 0.68
131 0.61
132 0.54
133 0.47
134 0.41
135 0.35
136 0.30
137 0.25
138 0.22
139 0.19
140 0.15
141 0.14
142 0.11
143 0.09
144 0.09
145 0.09
146 0.08
147 0.08
148 0.07
149 0.07
150 0.06
151 0.06
152 0.06
153 0.06
154 0.05
155 0.05
156 0.05
157 0.05
158 0.05
159 0.05
160 0.05
161 0.05
162 0.05
163 0.04
164 0.04
165 0.04
166 0.04
167 0.04
168 0.04
169 0.04
170 0.04
171 0.03
172 0.04
173 0.04
174 0.03
175 0.03
176 0.04
177 0.04
178 0.04
