0 0.01096
1 0.00000
2 0.01123
3 0.01121
4 0.00168
5 0.00222
6 0.01617
7 0.01035
8 0.00832
9 0.01464
10 0.02110
11 0.02032
12 0.01506
13 0.02554
14 0.02488
15 0.02280
16 0.02424
17 0.02589
18 0.04032
19 0.02769
20 0.03052
21 0.03145
22 0.03919
23 0.03959
24 0.05723
25 0.04415
26 0.05105
27 0.05519
28 0.05873
29 0.07776
30 0.06868
31 0.08306
32 0.10408
33 0.09741
34 0.09948
35 0.10046
36 0.11174
37 0.10199
38 0.10833
39 0.11068
40 0.12064
41 0.11417
42 0.12168
43 0.13186
44 0.14121
45 0.14857
46 0.13688
47 0.13279
48 0.14143
49 0.13454
50 0.12501
51 0.14280
52 0.13913
53 0.13564
54 0.13403
55 0.14506
56 0.13469
57 0.12447
58 0.11574
59 0.10120
60 0.09427
61 0.08384
62 0.09238
63 0.09015
64 0.09199
65 0.09884
66 0.10126
67 0.11023
68 0.12940
69 0.15443
70 0.16468
71 0.21984
72 0.25837
73 0.31094
74 0.37020
75 0.42582
76 0.49817
77 0.59344
78 0.68231
79 0.77268
80 0.86707
81 0.96031
82 0.96103
83 1.00000
84 0.96562
85 0.89392
86 0.79795
87 0.72756
88 0.65371
89 0.60024
90 0.54035
91 0.48966
92 0.46500
93 0.37325
94 0.28758
95 0.24265
96 0.21612
97 0.20304
98 0.17718
99 0.16054
100 0.16289
101 0.16597
102 0.19395
103 0.21104
104 0.24395
105 0.27576
106 0.29869
107 0.31717
108 0.30230
109 0.30503
110 0.33523
111 0.35128
112 0.38171
113 0.43375
114 0.49257
115 0.49196
116 0.43446
117 0.33049
118 0.27156
119 0.20192
120 0.16525
121 0.14354
122 0.14339
123 0.11831
124 0.11044
125 0.12243
126 0.11697
127 0.11463
128 0.11858
129 0.13779
130 0.13923
131 0.13517
132 0.13017
133 0.14527
134 0.14590
135 0.16097
136 0.16870
137 0.17606
138 0.17351
139 0.16379
140 0.14915
141 0.14724
142 0.14104
143 0.12430
144 0.11778
145 0.10928
146 0.10794
147 0.09893
148 0.09313
149 0.08857
150 0.10070
151 0.09853
152 0.09769
153 0.09336
154 0.09771
155 0.09859
156 0.09725
157 0.08478
158 0.09000
159 0.09539
160 0.09170
161 0.10062
162 0.09275
163 0.08784
164 0.09291
165 0.09324
166 0.08205
167 0.09591
168 0.09022
169 0.09193
170 0.09976
171 0.09335
172 0.08183
