0 0.03823
1 0.00000
2 0.11491
3 0.11101
4 0.14782
5 0.15914
6 0.20145
7 0.17089
8 0.21039
9 0.14572
10 0.20807
11 0.20640
12 0.21990
13 0.19102
14 0.16028
15 0.19707
16 0.19871
17 0.17589
18 0.20266
19 0.19401
20 0.21471
21 0.25402
22 0.28730
23 0.27174
24 0.25063
25 0.22928
26 0.22551
27 0.21297
28 0.23161
29 0.29357
30 0.33384
31 0.28992
32 0.26183
33 0.25228
34 0.42696
35 0.18836
36 0.14436
37 0.16416
38 0.23420
39 0.32933
40 0.34430
41 0.31954
42 0.33132
43 0.29209
44 0.33758
45 0.20888
46 0.22335
47 0.17164
48 0.20469
49 0.41767
50 0.40780
51 0.33483
52 0.40345
53 0.58424
54 0.41506
55 0.40581
56 0.45425
57 0.49445
58 0.52290
59 0.45767
60 0.49621
61 0.53931
62 0.60086
63 0.35765
64 0.36851
65 0.33760
66 0.34508
67 0.44712
68 0.40977
69 0.45255
70 0.38197
71 0.39858
72 0.42302
73 0.44090
74 0.38957
75 0.42991
76 0.49675
77 0.41796
78 0.47837
79 0.49039
80 0.44356
81 0.40671
82 0.48155
83 0.44238
84 0.49328
85 0.41675
86 0.47273
87 0.47402
88 0.52775
89 0.42545
90 0.46207
91 0.43648
92 0.53515
93 0.55346
94 0.48372
95 0.52797
96 0.53940
97 0.46284
98 0.48221
99 0.52625
100 0.51222
101 0.50139
102 0.52413
103 0.48021
104 0.52705
105 0.49148
106 0.48250
107 0.52482
108 0.48922
109 0.47737
110 0.51993
111 0.48041
112 0.50697
113 0.59015
114 0.57853
115 0.58442
116 0.59179
117 0.65657
118 0.65319
119 0.72963
120 0.79322
121 0.86528
122 0.99855
123 0.99946
124 1.00000
125 0.86566
126 0.83226
127 0.84048
128 0.85620
129 0.69138
130 0.63787
131 0.59368
132 0.64299
133 0.62660
134 0.54737
135 0.55093
136 0.59151
137 0.64385
138 0.61218
139 0.59357
140 0.61911
141 0.59870
142 0.64709
143 0.64384
144 0.70983
145 0.67481
146 0.69245
147 0.68206
148 0.69054
149 0.66781
150 0.69418
151 0.74930
152 0.71540
153 0.77730
154 0.74400
155 0.76943
156 0.73906
157 0.74672
158 0.69926
159 0.77454
160 0.76298
161 0.75415
162 0.71846
163 0.69645
164 0.85877
165 0.68755
166 0.74505
167 0.71150
168 0.74150
169 0.76255
