0 0.01218
1 0.01304
2 0.01331
3 0.01390
4 0.01495
5 0.00985
6 0.01233
7 0.01185
8 0.01021
9 0.00990
10 0.01255
11 0.00992
12 0.01171
13 0.01337
14 0.01015
15 0.01016
16 0.01137
17 0.00833
18 0.01280
19 0.01112
20 0.01039
21 0.00915
22 0.01134
23 0.00987
24 0.00957
25 0.00894
26 0.00882
27 0.00928
28 0.00871
29 0.01043
30 0.00995
31 0.00994
32 0.00796
33 0.01007
34 0.01103
35 0.00958
36 0.00941
37 0.01030
38 0.00915
39 0.01022
40 0.00945
41 0.00812
42 0.01025
43 0.01058
44 0.00818
45 0.00879
46 0.00844
47 0.01065
48 0.00940
49 0.01085
50 0.01009
51 0.01078
52 0.01218
53 0.00885
54 0.00914
55 0.01013
56 0.00811
57 0.01139
58 0.00870
59 0.00971
60 0.00874
61 0.00958
62 0.00924
63 0.01007
64 0.01155
65 0.01136
66 0.01287
67 0.01098
68 0.01423
69 0.01113
70 0.00992
71 0.01309
72 0.01396
73 0.01241
74 0.01311
75 0.01665
76 0.01926
77 0.01890
78 0.01541
79 0.01638
80 0.02158
81 0.02042
82 0.02125
83 0.01783
84 0.02622
85 0.01927
86 0.02648
87 0.02787
88 0.02255
89 0.02370
90 0.02611
91 0.03315
92 0.03534
93 0.03225
94 0.04127
95 0.04168
96 0.04364
97 0.04354
98 0.04909
99 0.05153
100 0.05179
101 0.04778
102 0.05976
103 0.06545
104 0.06810
105 0.07390
106 0.07885
107 0.07476
108 0.08906
109 0.09079
110 0.11144
111 0.10914
112 0.13009
113 0.14618
114 0.16248
115 0.18307
116 0.20965
117 0.23506
118 0.27442
119 0.31843
120 0.37383
121 0.45294
122 0.54685
123 0.65314
124 0.76247
125 0.88940
126 0.97590
127 1.00000
128 0.93393
129 0.84131
130 0.74960
131 0.68436
132 0.62115
133 0.55711
134 0.49907
135 0.44181
136 0.38954
137 0.34254
138 0.30851
139 0.26670
140 0.24414
141 0.21694
142 0.18961
143 0.16112
144 0.14098
145 0.12133
146 0.10769
147 0.09655
148 0.08556
149 0.07582
150 0.06402
151 0.06305
152 0.05573
153 0.05093
154 0.04521
155 0.03959
156 0.03312
157 0.02828
158 0.02816
159 0.02743
160 0.02364
161 0.01988
162 0.01744
163 0.01415
164 0.01450
165 0.01057
166 0.01010
167 0.00733
168 0.00302
169 0.00092
170 0.00536
171 0.00461
172 0.00264
173 0.00283
174 0.00477
175 0.00273
176 0.00294
177 0.00143
178 0.00446
179 0.00000
