0 0.09518
1 0.05432
2 0.00000
3 0.09983
4 0.12790
5 0.09902
6 0.01033
7 0.11000
8 0.11619
9 0.10215
10 0.10646
11 0.12502
12 0.10332
13 0.10321
14 0.11194
15 0.00259
16 0.02125
17 0.05037
18 0.05560
19 0.12881
20 0.12599
21 0.00930
22 0.10965
23 0.09193
24 0.12148
25 0.00762
26 0.11508
27 0.12779
28 0.12532
29 0.13214
30 0.12296
31 0.10492
32 0.16437
33 0.04166
34 0.16330
35 0.14604
36 0.15299
37 0.13521
38 0.12673
39 0.14093
40 0.12083
41 0.12985
42 0.12715
43 0.12749
44 0.09932
45 0.13099
46 0.11690
47 0.13073
48 0.04106
49 0.17298
50 0.13338
51 0.16790
52 0.15627
53 0.13090
54 0.04401
55 0.15763
56 0.13088
57 0.15210
58 0.15817
59 0.04290
60 0.11587
61 0.16287
62 0.19799
63 0.06532
64 0.07687
65 0.20609
66 0.19679
67 0.20172
68 0.06242
69 0.22643
70 0.24225
71 0.24595
72 0.25816
73 0.24862
74 0.09425
75 0.20039
76 0.09394
77 0.27947
78 0.14688
79 0.30451
80 0.12896
81 0.32515
82 0.21813
83 0.11019
84 0.33275
85 0.24527
86 0.11574
87 0.12541
88 0.39644
89 0.41027
90 0.42241
91 0.42890
92 0.18896
93 0.48096
94 0.36595
95 0.50030
96 0.19389
97 0.54132
98 0.33355
99 0.59536
100 0.63110
101 0.62149
102 0.64904
103 0.27495
104 0.39584
105 0.28873
106 0.29426
107 0.33945
108 0.32633
109 0.35708
110 0.79761
111 0.80052
112 0.81043
113 0.82064
114 0.83343
115 0.84067
116 0.65500
117 0.85982
118 0.79473
119 0.92090
120 0.80524
121 0.63520
122 0.64060
123 0.65611
124 1.00000
125 0.83058
126 0.89331
127 0.83769
128 0.73973
129 0.87043
130 0.79658
131 0.56202
132 0.74080
133 0.68742
134 0.66486
135 0.65368
136 0.39506
137 0.60079
138 0.59818
139 0.31218
140 0.54191
141 0.54985
142 0.51740
143 0.50558
144 0.47460
145 0.48531
146 0.49324
147 0.44783
148 0.38661
149 0.43709
150 0.19976
151 0.40815
152 0.40365
153 0.16786
154 0.17531
155 0.38442
156 0.17146
157 0.27390
158 0.15839
159 0.27877
160 0.24617
161 0.33444
162 0.20029
163 0.26701
164 0.16546
165 0.28190
166 0.20331
167 0.26030
168 0.25911
169 0.27327
170 0.10131
171 0.24210
