0 0.00381
1 0.06525
2 0.08829
3 0.08401
4 0.01305
5 0.07585
6 0.08387
7 0.00000
8 0.09191
9 0.09524
10 0.07616
11 0.02500
12 0.07449
13 0.08397
14 0.07611
15 0.02502
16 0.09281
17 0.04892
18 0.08407
19 0.08112
20 0.07766
21 0.07186
22 0.04034
23 0.09404
24 0.05594
25 0.08248
26 0.07797
27 0.08896
28 0.08429
29 0.07526
30 0.01486
31 0.08394
32 0.07941
33 0.08439
34 0.08390
35 0.05965
36 0.08384
37 0.04005
38 0.08961
39 0.09392
40 0.03497
41 0.07886
42 0.07360
43 0.03037
44 0.09004
45 0.07972
46 0.04366
47 0.02915
48 0.09847
49 0.09063
50 0.10553
51 0.03021
52 0.07337
53 0.04424
54 0.09235
55 0.04764
56 0.10817
57 0.09735
58 0.10429
59 0.05210
60 0.05099
61 0.10127
62 0.10622
63 0.11047
64 0.10561
65 0.07341
66 0.04858
67 0.05628
68 0.09890
69 0.05782
70 0.16508
71 0.15192
72 0.08627
73 0.06203
74 0.16574
75 0.16619
76 0.10422
77 0.19416
78 0.12372
79 0.09104
80 0.16478
81 0.16988
82 0.09173
83 0.08709
84 0.24682
85 0.10007
86 0.24563
87 0.17826
88 0.26862
89 0.29127
90 0.28877
91 0.11770
92 0.12584
93 0.32164
94 0.29306
95 0.34775
96 0.35521
97 0.17350
98 0.29472
99 0.17167
100 0.41180
101 0.18722
102 0.43380
103 0.22985
104 0.31039
105 0.48048
106 0.47294
107 0.48702
108 0.50803
109 0.25059
110 0.37084
111 0.53543
112 0.55362
113 0.56329
114 0.31171
115 0.58028
116 0.59875
117 0.62612
118 0.64818
119 0.62812
120 0.69301
121 0.72839
122 0.54626
123 0.57839
124 0.77628
125 0.67743
126 0.89089
127 1.00000
128 0.92878
129 0.88003
130 0.80837
131 0.81322
132 0.76888
133 0.73845
134 0.70569
135 0.66871
136 0.61006
137 0.59150
138 0.58650
139 0.54937
140 0.57465
141 0.47820
142 0.58279
143 0.54669
144 0.61777
145 0.58629
146 0.45148
147 0.56288
148 0.52720
149 0.48207
150 0.48683
151 0.44331
152 0.29117
153 0.38061
154 0.35527
155 0.21238
156 0.22295
157 0.30963
158 0.30184
159 0.29490
160 0.26492
161 0.24183
162 0.26001
163 0.24936
164 0.14508
165 0.25699
166 0.14319
167 0.17813
168 0.23851
169 0.13630
170 0.13803
171 0.15384
172 0.13094
173 0.22206
174 0.12947
