0 0.25234
1 0.13322
2 0.06545
3 0.18177
4 0.09759
5 0.12571
6 0.11565
7 0.08776
8 0.08264
9 0.07500
10 0.10491
11 0.12900
12 0.01012
13 0.01402
14 0.00000
15 0.11933
16 0.17508
17 0.15396
18 0.11774
19 0.19803
20 0.21678
21 0.28712
22 0.29548
23 0.31155
24 0.45126
25 0.44940
26 0.51039
27 0.70895
28 0.81797
29 0.94155
30 0.96870
31 1.00000
32 0.93977
33 0.82481
34 0.66856
35 0.47476
36 0.45324
37 0.36866
38 0.25481
39 0.16498
40 0.15067
41 0.16919
42 0.17310
43 0.15674
44 0.10538
45 0.13380
46 0.12912
47 0.14299
48 0.10806
49 0.14552
50 0.10994
51 0.08055
52 0.16558
53 0.12605
54 0.10898
55 0.06237
56 0.09327
57 0.13865
58 0.14639
59 0.16896
60 0.07708
61 0.08407
62 0.15406
63 0.08228
64 0.08668
65 0.16422
66 0.14619
67 0.20081
68 0.21885
69 0.27033
70 0.21981
71 0.21960
72 0.22557
73 0.32608
74 0.32067
75 0.39645
76 0.33833
77 0.30581
78 0.22753
79 0.27094
80 0.23996
81 0.20169
82 0.18047
83 0.16245
84 0.18421
85 0.15598
86 0.18906
87 0.26595
88 0.17609
89 0.15662
90 0.19308
91 0.20317
92 0.21160
93 0.26830
94 0.21642
95 0.24736
96 0.30491
97 0.25973
98 0.26049
99 0.27243
100 0.29491
101 0.20853
102 0.30660
103 0.28253
104 0.29368
105 0.27331
106 0.21756
107 0.22120
108 0.18165
109 0.21673
110 0.20599
111 0.29105
112 0.31240
113 0.21879
114 0.23909
115 0.27120
116 0.18790
117 0.28578
118 0.23948
119 0.24143
120 0.28214
121 0.25455
122 0.27683
123 0.26785
124 0.26173
125 0.32629
126 0.34352
127 0.34084
128 0.35676
129 0.32703
130 0.34238
131 0.38598
132 0.37358
133 0.32879
134 0.42007
135 0.36224
136 0.24014
137 0.30288
138 0.28886
139 0.24460
140 0.28499
141 0.23592
142 0.20109
143 0.29772
144 0.30941
145 0.31711
146 0.34315
147 0.32113
148 0.33942
149 0.34520
150 0.29756
151 0.39544
152 0.31724
153 0.38635
154 0.33012
155 0.35731
156 0.40254
157 0.37719
158 0.37099
159 0.29629
160 0.38539
161 0.34323
162 0.42834
163 0.40247
164 0.50041
165 0.50568
166 0.53311
167 0.51938
168 0.61245
169 0.52222
170 0.54842
171 0.60531
172 0.55500
173 0.57403
174 0.59783
