0 0.03337
1 0.02378
2 0.01911
3 0.04526
4 0.02545
5 0.05562
6 0.05565
7 0.03226
8 0.03489
9 0.00000
10 0.02749
11 0.03672
12 0.02377
13 0.02377
14 0.02887
15 0.03682
16 0.03819
17 0.03200
18 0.03281
19 0.02995
20 0.03123
21 0.06282
22 0.03356
23 0.02432
24 0.02392
25 0.03345
26 0.06144
27 0.04183
28 0.02756
29 0.02866
30 0.04718
31 0.03046
32 0.06514
33 0.05341
34 0.03992
35 0.05986
36 0.06170
37 0.05505
38 0.05713
39 0.05840
40 0.06035
41 0.07884
42 0.06501
43 0.06968
44 0.06427
45 0.07824
46 0.07422
47 0.06984
48 0.08210
49 0.09985
50 0.06537
51 0.05993
52 0.05962
53 0.07505
54 0.08105
55 0.09902
56 0.09359
57 0.08531
58 0.09553
59 0.07733
60 0.09507
61 0.09711
62 0.08606
63 0.09198
64 0.10325
65 0.09372
66 0.10837
67 0.08254
68 0.10074
69 0.13923
70 0.11801
71 0.10513
72 0.09528
73 0.09168
74 0.09598
75 0.10737
76 0.11784
77 0.09115
78 0.10453
79 0.10906
80 0.10309
81 0.12495
82 0.10971
83 0.10569
84 0.09514
85 0.11167
86 0.11134
87 0.08642
88 0.12268
89 0.12297
90 0.12522
91 0.12302
92 0.12681
93 0.15244
94 0.14221
95 0.11819
96 0.15038
97 0.13619
98 0.12463
99 0.11862
100 0.14663
101 0.12684
102 0.12861
103 0.13423
104 0.14133
105 0.12507
106 0.13924
107 0.14452
108 0.13958
109 0.13180
110 0.13977
111 0.12453
112 0.17549
113 0.14941
114 0.13443
115 0.15410
116 0.13163
117 0.14621
118 0.12685
119 0.13299
120 0.15309
121 0.16025
122 0.14971
123 0.16484
124 0.16172
125 0.17258
126 0.16421
127 0.15619
128 0.16808
129 0.17205
130 0.18553
131 0.17205
132 0.19227
133 0.20705
134 0.18711
135 0.17065
136 0.19943
137 0.19139
138 0.20037
139 0.19049
140 0.19492
141 0.20885
142 0.24776
143 0.24591
144 0.25435
145 0.26678
146 0.31990
147 0.35049
148 0.40401
149 0.49389
150 0.61958
151 0.82894
152 0.98578
153 1.00000
154 0.86212
155 0.67772
156 0.51047
157 0.38254
158 0.35675
159 0.30753
160 0.27297
161 0.25401
162 0.24697
163 0.26646
164 0.21804
165 0.25326
166 0.19891
167 0.24036
168 0.23299
169 0.22113
170 0.25269
171 0.24412
172 0.26120
