0 0.00
1 0.00
2 0.00
3 0.00
4 0.00
5 0.00
6 0.00
7 0.00
8 0.00
9 0.00
10 0.00
11 0.00
12 0.01
13 0.00
14 0.01
15 0.01
16 0.01
17 0.01
18 0.01
19 0.01
20 0.01
21 0.01
22 0.01
23 0.01
24 0.01
25 0.01
26 0.01
27 0.01
28 0.01
29 0.01
30 0.01
31 0.02
32 0.02
33 0.02
34 0.02
35 0.02
36 0.02
37 0.02
38 0.02
39 0.02
40 0.02
41 0.02
42 0.02
43 0.03
44 0.03
45 0.03
46 0.03
47 0.03
48 0.03
49 0.03
50 0.03
51 0.03
52 0.04
53 0.04
54 0.03
55 0.04
56 0.04
57 0.04
58 0.04
59 0.04
60 0.04
61 0.05
62 0.05
63 0.05
64 0.05
65 0.05
66 0.05
67 0.05
68 0.06
69 0.05
70 0.06
71 0.06
72 0.06
73 0.06
74 0.06
75 0.07
76 0.07
77 0.08
78 0.07
79 0.08
80 0.08
81 0.09
82 0.09
83 0.08
84 0.10
85 0.09
86 0.10
87 0.11
88 0.10
89 0.11
90 0.11
91 0.12
92 0.12
93 0.13
94 0.14
95 0.14
96 0.15
97 0.15
98 0.16
99 0.17
100 0.17
101 0.17
102 0.19
103 0.20
104 0.20
105 0.21
106 0.23
107 0.23
108 0.25
109 0.25
110 0.28
111 0.29
112 0.32
113 0.35
114 0.37
115 0.41
116 0.45
117 0.48
118 0.53
119 0.59
120 0.65
121 0.72
122 0.79
123 0.85
124 0.91
125 0.95
126 0.98
127 1.00
128 0.99
129 0.97
130 0.93
131 0.89
132 0.84
133 0.79
134 0.74
135 0.69
136 0.64
137 0.59
138 0.55
139 0.49
140 0.46
141 0.43
142 0.40
143 0.35
144 0.33
145 0.30
146 0.29
147 0.27
148 0.25
149 0.24
150 0.21
151 0.21
152 0.20
153 0.19
154 0.18
155 0.17
156 0.15
157 0.15
158 0.14
159 0.14
160 0.13
161 0.13
162 0.12
163 0.11
164 0.11
165 0.11
166 0.10
167 0.10
