0 0.03
1 0.01
2 0.00
3 0.03
4 0.03
5 0.04
6 0.01
7 0.04
8 0.04
9 0.05
10 0.05
11 0.06
12 0.06
13 0.06
14 0.06
15 0.02
16 0.02
17 0.03
18 0.03
19 0.06
20 0.07
21 0.03
22 0.08
23 0.06
24 0.09
25 0.04
26 0.10
27 0.11
28 0.11
29 0.11
30 0.11
31 0.08
32 0.12
33 0.06
34 0.13
35 0.14
36 0.14
37 0.15
38 0.15
39 0.16
40 0.17
41 0.18
42 0.18
43 0.19
44 0.13
45 0.20
46 0.15
47 0.21
48 0.11
49 0.22
50 0.15
51 0.24
52 0.25
53 0.26
54 0.13
55 0.28
56 0.23
57 0.30
58 0.27
59 0.14
60 0.21
61 0.33
62 0.34
63 0.16
64 0.17
65 0.37
66 0.38
67 0.40
68 0.18
69 0.42
70 0.44
71 0.45
72 0.46
73 0.47
74 0.21
75 0.41
76 0.23
77 0.50
78 0.25
79 0.53
80 0.26
81 0.56
82 0.42
83 0.27
84 0.61
85 0.45
86 0.29
87 0.30
88 0.67
89 0.69
90 0.71
91 0.72
92 0.35
93 0.76
94 0.59
95 0.80
96 0.38
97 0.83
98 0.54
99 0.84
100 0.90
101 0.91
102 0.93
103 0.46
104 0.63
105 0.48
106 0.50
107 0.51
108 0.53
109 0.54
110 1.00
111 1.00
112 1.00
113 1.00
114 0.99
115 0.99
116 0.83
117 0.96
118 0.89
119 0.93
120 0.83
121 0.64
122 0.64
123 0.63
124 0.78
125 0.58
126 0.54
127 0.53
128 0.55
129 0.74
130 0.80
131 0.64
132 0.87
133 0.89
134 0.91
135 0.92
136 0.62
137 0.93
138 0.92
139 0.57
140 0.91
141 0.90
142 0.89
143 0.88
144 0.86
145 0.84
146 0.82
147 0.79
148 0.69
149 0.77
150 0.38
151 0.73
152 0.71
153 0.35
154 0.33
155 0.66
156 0.32
157 0.51
158 0.33
159 0.53
160 0.45
161 0.56
162 0.35
163 0.48
164 0.32
165 0.50
166 0.36
167 0.45
