0 0.00
1 0.01
2 0.02
3 0.03
4 0.00
5 0.03
6 0.03
7 0.01
8 0.03
9 0.04
10 0.04
11 0.01
12 0.04
13 0.04
14 0.04
15 0.02
16 0.05
17 0.03
18 0.05
19 0.06
20 0.05
21 0.05
22 0.03
23 0.06
24 0.05
25 0.07
26 0.07
27 0.07
28 0.08
29 0.07
30 0.04
31 0.09
32 0.09
33 0.09
34 0.09
35 0.07
36 0.10
37 0.06
38 0.11
39 0.11
40 0.06
41 0.09
42 0.12
43 0.07
44 0.11
45 0.10
46 0.08
47 0.08
48 0.14
49 0.15
50 0.15
51 0.09
52 0.11
53 0.10
54 0.14
55 0.10
56 0.19
57 0.19
58 0.20
59 0.12
60 0.12
61 0.22
62 0.22
63 0.23
64 0.21
65 0.15
66 0.14
67 0.14
68 0.17
69 0.15
70 0.28
71 0.27
72 0.18
73 0.17
74 0.32
75 0.33
76 0.22
77 0.34
78 0.23
79 0.19
80 0.31
81 0.33
82 0.22
83 0.21
84 0.41
85 0.23
86 0.42
87 0.33
88 0.45
89 0.47
90 0.46
91 0.27
92 0.27
93 0.52
94 0.47
95 0.55
96 0.56
97 0.33
98 0.48
99 0.34
100 0.61
101 0.36
102 0.64
103 0.41
104 0.50
105 0.68
106 0.69
107 0.70
108 0.72
109 0.46
110 0.57
111 0.75
112 0.76
113 0.77
114 0.55
115 0.79
116 0.80
117 0.81
118 0.81
119 0.80
120 0.83
121 0.84
122 0.70
123 0.73
124 0.87
125 0.76
126 0.82
127 0.83
128 0.84
129 0.88
130 0.93
131 0.93
132 0.96
133 0.99
134 1.00
135 1.00
136 0.97
137 0.97
138 0.95
139 0.92
140 0.92
141 0.79
142 0.87
143 0.79
144 0.84
145 0.78
146 0.59
147 0.77
148 0.75
149 0.72
150 0.72
151 0.69
152 0.49
153 0.65
154 0.62
155 0.40
156 0.42
157 0.55
158 0.53
159 0.52
160 0.50
161 0.45
162 0.47
163 0.46
164 0.27
165 0.43
166 0.26
167 0.30
