0 0.00
1 0.00
2 0.00
3 0.00
4 0.08
5 0.09
6 0.10
7 0.11
8 0.12
9 0.12
10 0.14
11 0.16
12 0.17
13 0.18
14 0.20
15 0.24
16 0.26
17 0.29
18 0.32
19 0.36
20 0.40
21 0.45
22 0.51
23 0.58
24 0.63
25 0.71
26 0.79
27 0.85
28 0.92
29 0.97
30 0.99
31 1.00
32 0.99
33 0.93
34 0.90
35 0.82
36 0.76
37 0.70
38 0.60
39 0.54
40 0.49
41 0.45
42 0.40
43 0.36
44 0.33
45 0.31
46 0.28
47 0.26
48 0.24
49 0.22
50 0.21
51 0.20
52 0.19
53 0.18
54 0.18
55 0.17
56 0.17
57 0.16
58 0.16
59 0.17
60 0.17
61 0.17
62 0.18
63 0.19
64 0.20
65 0.22
66 0.24
67 0.27
68 0.29
69 0.31
70 0.34
71 0.36
72 0.39
73 0.41
74 0.41
75 0.42
76 0.40
77 0.40
78 0.37
79 0.36
80 0.34
81 0.31
82 0.30
83 0.29
84 0.28
85 0.27
86 0.27
87 0.28
88 0.29
89 0.29
90 0.30
91 0.30
92 0.32
93 0.34
94 0.35
95 0.36
96 0.37
97 0.38
98 0.37
99 0.38
100 0.34
101 0.33
102 0.33
103 0.32
104 0.33
105 0.26
106 0.23
107 0.22
108 0.20
109 0.19
110 0.17
111 0.18
112 0.17
113 0.16
114 0.15
115 0.15
116 0.13
117 0.13
118 0.12
119 0.11
120 0.11
121 0.10
122 0.10
123 0.09
124 0.09
125 0.10
126 0.09
127 0.09
128 0.08
129 0.08
130 0.08
131 0.07
132 0.07
133 0.07
134 0.07
135 0.07
136 0.04
137 0.04
138 0.05
139 0.04
140 0.04
141 0.04
142 0.03
143 0.03
144 0.04
145 0.03
146 0.03
147 0.03
148 0.03
149 0.03
150 0.03
151 0.03
152 0.03
153 0.02
154 0.02
155 0.02
156 0.02
157 0.02
158 0.02
159 0.02
160 0.02
161 0.02
162 0.02
163 0.02
164 0.02
165 0.02
166 0.02
167 0.03
168 0.02
169 0.02
170 0.02
171 0.02
172 0.02
173 0.02
174 0.02
