0 0.05
1 0.05
2 0.06
3 0.06
4 0.07
5 0.07
6 0.08
7 0.09
8 0.10
9 0.11
10 0.12
11 0.13
12 0.14
13 0.16
14 0.18
15 0.20
16 0.22
17 0.25
18 0.28
19 0.38
20 0.43
21 0.48
22 0.54
23 0.68
24 0.76
25 0.83
26 0.90
27 0.95
28 0.99
29 1.00
30 0.99
31 0.96
32 0.91
33 0.86
34 0.79
35 0.72
36 0.65
37 0.58
38 0.52
39 0.42
40 0.39
41 0.35
42 0.32
43 0.30
44 0.28
45 0.26
46 0.24
47 0.23
48 0.22
49 0.21
50 0.20
51 0.20
52 0.20
53 0.19
54 0.19
55 0.19
56 0.19
57 0.19
58 0.20
59 0.20
60 0.20
61 0.20
62 0.21
63 0.21
64 0.21
65 0.22
66 0.23
67 0.23
68 0.24
69 0.25
70 0.26
71 0.27
72 0.27
73 0.27
74 0.28
75 0.27
76 0.27
77 0.25
78 0.25
79 0.23
80 0.22
81 0.21
82 0.21
83 0.20
84 0.19
85 0.18
86 0.17
87 0.16
88 0.15
89 0.14
90 0.14
91 0.13
92 0.12
93 0.12
94 0.11
95 0.11
96 0.10
97 0.10
98 0.09
99 0.09
100 0.09
101 0.08
102 0.08
103 0.08
104 0.07
105 0.07
106 0.07
107 0.07
108 0.07
109 0.06
110 0.06
111 0.06
112 0.06
113 0.06
114 0.06
115 0.06
116 0.06
117 0.05
118 0.05
119 0.05
120 0.05
121 0.05
122 0.05
123 0.04
124 0.04
125 0.04
126 0.04
127 0.04
128 0.04
129 0.04
130 0.04
131 0.04
132 0.04
133 0.04
134 0.04
135 0.04
136 0.03
137 0.03
138 0.03
139 0.03
140 0.02
141 0.01
142 0.01
143 0.01
144 0.01
145 0.01
146 0.01
147 0.01
148 0.01
149 0.01
150 0.01
151 0.01
152 0.01
153 0.01
154 0.00
155 0.01
156 0.00
157 0.01
158 0.00
159 0.00
160 0.00
161 0.00
162 0.00
163 0.00
164 0.00
165 0.00
166 0.00
167 0.00
168 0.00
169 0.00
