0 0.00
1 0.00
2 0.00
3 0.00
4 0.00
5 0.00
6 0.00
7 0.00
8 0.00
9 0.00
10 0.00
11 0.00
12 0.00
13 0.00
14 0.00
15 0.00
16 0.00
17 0.00
18 0.00
19 0.00
20 0.00
21 0.00
22 0.00
23 0.00
24 0.00
25 0.00
26 0.00
27 0.00
28 0.00
29 0.00
30 0.00
31 0.00
32 0.00
33 0.00
34 0.00
35 0.00
36 0.00
37 0.00
38 0.00
39 0.00
40 0.00
41 0.00
42 0.00
43 0.00
44 0.00
45 0.00
46 0.00
47 0.00
48 0.00
49 0.00
50 0.00
51 0.00
52 0.00
53 0.00
54 0.00
55 0.00
56 0.00
57 0.00
58 0.00
59 0.00
60 0.01
61 0.01
62 0.00
63 0.00
64 0.01
65 0.01
66 0.01
67 0.01
68 0.00
69 0.01
70 0.00
71 0.00
72 0.00
73 0.00
74 0.01
75 0.01
76 0.01
77 0.01
78 0.01
79 0.01
80 0.01
81 0.01
82 0.01
83 0.01
84 0.01
85 0.01
86 0.01
87 0.01
88 0.01
89 0.01
90 0.01
91 0.01
92 0.01
93 0.01
94 0.01
95 0.01
96 0.01
97 0.01
98 0.01
99 0.01
100 0.01
101 0.01
102 0.01
103 0.02
104 0.02
105 0.02
106 0.02
107 0.02
108 0.02
109 0.02
110 0.02
111 0.02
112 0.02
113 0.02
114 0.02
115 0.03
116 0.03
117 0.03
118 0.03
119 0.03
120 0.03
121 0.03
122 0.04
123 0.04
124 0.04
125 0.05
126 0.05
127 0.05
128 0.05
129 0.06
130 0.07
131 0.07
132 0.08
133 0.08
134 0.08
135 0.08
136 0.09
137 0.10
138 0.11
139 0.12
140 0.13
141 0.15
142 0.17
143 0.19
144 0.21
145 0.24
146 0.28
147 0.32
148 0.38
149 0.45
150 0.53
151 0.63
152 0.74
153 0.85
154 0.94
155 0.99
156 1.00
157 0.98
158 0.92
159 0.82
160 0.73
161 0.63
162 0.63
163 0.53
164 0.46
165 0.46
166 0.38
167 0.32
