0 1714912
1 1716753
2 1728658
3 1719848
4 1723429
5 1734566
6 1729606
7 1722289
8 1716278
9 1730074
10 1735654
11 1736339
12 1727981
13 1730873
14 1738471
15 1756157
16 1746242
17 1743213
18 1741534
19 1736662
20 1741068
21 1766152
22 1748768
23 1762172
24 1752870
25 1751971
26 1755406
27 1753841
28 1755972
29 1759897
30 1763036
31 1767055
32 1764662
33 1769062
34 1768426
35 1764699
36 1785757
37 1785171
38 1784805
39 1789185
40 1785658
41 1781873
42 1782680
43 1783437
44 1779413
45 1791925
46 1787567
47 1802556
48 1789326
49 1811915
50 1802341
51 1800154
52 1792328
53 1791345
54 1800545
55 1793089
56 1791042
57 1816141
58 1796113
59 1784014
60 1776888
61 1786354
62 1791035
63 1783179
64 1799632
65 1782616
66 1791406
67 1794670
68 1778597
69 1803616
70 1813168
71 1812893
72 1831999
73 1844703
74 1867250
75 1874971
76 1895837
77 1903479
78 1943714
79 1970403
80 2013481
81 2019386
82 2071881
83 2093889
84 2105814
85 2090064
86 2079039
87 2049869
88 2006308
89 1999393
90 1972760
91 1957617
92 1931047
93 1920234
94 1892175
95 1862723
96 1859821
97 1835511
98 1837015
99 1843086
100 1828196
101 1820277
102 1825680
103 1831456
104 1841103
105 1854442
106 1864505
107 1868637
108 1862869
109 1859468
110 1872595
111 1886031
112 1876394
113 1895141
114 1912437
115 1911917
116 1934898
117 1905900
118 1885456
119 1870551
120 1850715
121 1840184
122 1836395
123 1824084
124 1827435
125 1823646
126 1836688
127 1832848
128 1837198
129 1836008
130 1830600
131 1837483
132 1833598
133 1836292
134 1836525
135 1841165
136 1837285
137 1851266
138 1853823
139 1841356
140 1847244
141 1850689
142 1836745
143 1858767
144 1839196
145 1827960
146 1826572
147 1832188
148 1830088
149 1823810
150 1823408
151 1836586
152 1835030
153 1833678
154 1837813
155 1830127
156 1822089
157 1831529
158 1837773
159 1844934
160 1854550
161 1836699
162 1829660
163 1835309
164 1837338
165 1838142
166 1840708
167 1841549
168 1839288
169 1851025
170 1839013
171 1839026
172 1827634
173 1832905
174 1847500
175 1854986
