0 6898728
1 6855810
2 6984809
3 6980430
4 7021755
5 7034463
6 7081953
7 7047656
8 7091993
9 7019398
10 7089386
11 7087519
12 7102664
13 7070253
14 7035739
15 7077043
16 7078885
17 7053264
18 7083317
19 7073606
20 7096848
21 7140972
22 7178331
23 7160866
24 7137163
25 7113196
26 7108969
27 7094887
28 7115816
29 7185372
30 7230579
31 7181275
32 7149742
33 7139015
34 7335116
35 7067266
36 7017873
37 7040100
38 7118720
39 7225516
40 7242320
41 7214526
42 7227750
43 7183705
44 7234775
45 7090296
46 7106537
47 7048490
48 7085592
49 7324688
50 7313601
51 7231695
52 7308728
53 7511674
54 7321751
55 7311369
56 7365756
57 7410881
58 7442812
59 7369588
60 7412858
61 7461235
62 7530332
63 7257312
64 7269503
65 7234805
66 7243197
67 7357747
68 7315814
69 7363838
70 7284607
71 7303252
72 7330688
73 7350769
74 7293140
75 7338424
76 7413462
77 7325008
78 7392829
79 7406318
80 7353745
81 7312384
82 7396392
83 7352423
84 7409568
85 7323652
86 7386500
87 7387947
88 7448259
89 7333421
90 7374532
91 7345807
92 7456565
93 7477125
94 7398833
95 7448506
96 7461341
97 7375389
98 7397134
99 7446573
100 7430828
101 7418675
102 7444203
103 7394891
104 7447480
105 7407545
106 7397466
107 7444969
108 7405013
109 7391708
110 7439482
111 7395119
112 7424929
113 7518309
114 7505269
115 7511876
116 7520150
117 7592872
118 7589080
119 7674890
120 7746273
121 7827176
122 7976777
123 7977799
124 7978409
125 7827604
126 7790100
127 7799332
128 7816982
129 7631956
130 7571878
131 7522271
132 7577635
133 7559232
134 7470291
135 7474288
136 7519842
137 7578594
138 7543043
139 7522147
140 7550823
141 7527907
142 7582230
143 7578586
144 7652665
145 7613347
146 7633153
147 7621495
148 7631005
149 7605497
150 7635093
151 7696969
152 7658914
153 7728409
154 7691024
155 7719566
156 7685473
157 7694077
158 7640803
159 7725306
160 7712335
161 7702417
162 7662347
163 7637642
164 7819860
165 7627651
166 7692197
167 7654537
168 7688220
169 7711844
