0 4361729
1 4371613
2 4374754
3 4381524
4 4393692
5 4334958
6 4363469
7 4358013
8 4339129
9 4335525
10 4366044
11 4335742
12 4356336
13 4375501
14 4338448
15 4338511
16 4352482
17 4317436
18 4368840
19 4349515
20 4341177
21 4326881
22 4352079
23 4335160
24 4331680
25 4324459
26 4323049
27 4328321
28 4321842
29 4341597
30 4336048
31 4336014
32 4313202
33 4337430
34 4348525
35 4331872
36 4329876
37 4340135
38 4326839
39 4339225
40 4330305
41 4315053
42 4339524
43 4343387
44 4315676
45 4322710
46 4318701
47 4344199
48 4329785
49 4346394
50 4337657
51 4345627
52 4361713
53 4323387
54 4326773
55 4338119
56 4314969
57 4352687
58 4321707
59 4333352
60 4322185
61 4331882
62 4327947
63 4337519
64 4354467
65 4352270
66 4369666
67 4347979
68 4385310
69 4349629
70 4335723
71 4372179
72 4382215
73 4364452
74 4372516
75 4413210
76 4443237
77 4439068
78 4398876
79 4410061
80 4469969
81 4456572
82 4466156
83 4426798
84 4523377
85 4443369
86 4526293
87 4542341
88 4481077
89 4494345
90 4522097
91 4603162
92 4628305
93 4592712
94 4696520
95 4701247
96 4723857
97 4722676
98 4786633
99 4814711
100 4817633
101 4771454
102 4909434
103 4974834
104 5005358
105 5072154
106 5129051
107 5082057
108 5246669
109 5266498
110 5504188
111 5477744
112 5718911
113 5904081
114 6091668
115 6328655
116 6634508
117 6927037
118 7380066
119 7886587
120 8524261
121 9434770
122 10515644
123 11739009
124 12997247
125 14458269
126 15453847
127 15731180
128 14970775
129 13904772
130 12849221
131 12098231
132 11370793
133 10633660
134 9965706
135 9306581
136 8704979
137 8164117
138 7772420
139 7291181
140 7031486
141 6718470
142 6403920
143 6076007
144 5844150
145 5617987
146 5461036
147 5332777
148 5206335
149 5094259
150 4958396
151 4947239
152 4863017
153 4807760
154 4741944
155 4677230
156 4602711
157 4547104
158 4545715
159 4537305
160 4493648
161 4450401
162 4422327
163 4384460
164 4388416
165 4343245
166 4337870
167 4305978
168 4256272
169 4232172
170 4283213
171 4274648
172 4251924
173 4254118
174 4276426
175 4253044
176 4255395
177 4238059
178 4272937
179 4221569
