0 4249784
1 4363063
2 4405533
3 4397641
4 4266817
5 4382611
6 4397390
7 4242759
8 4412214
9 4418351
10 4383169
11 4288854
12 4380088
13 4397575
14 4383085
15 4288897
16 4413870
17 4332958
18 4397766
19 4392312
20 4385939
21 4375241
22 4317129
23 4416134
24 4345900
25 4394820
26 4386514
27 4406765
28 4398160
29 4381508
30 4270159
31 4397516
32 4389167
33 4398354
34 4397452
35 4352731
36 4397333
37 4316607
38 4407970
39 4415923
40 4307224
41 4388151
42 4378450
43 4298750
44 4408758
45 4389745
46 4323249
47 4296510
48 4424313
49 4409856
50 4437331
51 4298455
52 4378027
53 4324333
54 4413033
55 4330589
56 4442200
57 4422247
58 4435036
59 4338812
60 4336771
61 4429474
62 4438599
63 4446426
64 4437480
65 4378105
66 4332318
67 4346523
68 4425096
69 4349368
70 4547116
71 4522860
72 4401807
73 4357120
74 4548336
75 4549161
76 4434908
77 4600737
78 4470856
79 4410607
80 4546555
81 4555965
82 4411884
83 4403335
84 4697827
85 4427258
86 4695622
87 4571413
88 4738012
89 4779769
90 4775166
91 4459763
92 4474762
93 4835761
94 4783077
95 4883903
96 4897666
97 4562631
98 4786133
99 4559260
100 5001992
101 4587935
102 5042555
103 4666534
104 4815020
105 5128613
106 5114715
107 5140673
108 5179418
109 4704772
110 4926477
111 5229918
112 5263462
113 5281287
114 4817450
115 5312625
116 5346674
117 5397137
118 5437800
119 5400815
120 5520447
121 5585684
122 5249903
123 5309123
124 5673986
125 5491735
126 5885294
127 6086451
128 5955145
129 5865261
130 5733146
131 5742086
132 5660333
133 5604227
134 5543843
135 5475652
136 5367516
137 5333309
138 5324078
139 5255627
140 5302243
141 5124419
142 5317246
143 5250686
144 5381745
145 5323696
146 5075156
147 5280528
148 5214747
149 5131548
150 5140326
151 5060089
152 4779581
153 4944484
154 4897773
155 4634321
156 4653803
157 4813620
158 4799263
159 4786464
160 4731192
161 4688626
162 4722133
163 4702500
164 4510245
165 4716571
166 4506762
167 4571167
168 4682494
169 4494048
170 4497242
171 4526393
172 4484166
173 4652175
174 4481469
