0 5565156
1 5442051
2 5372022
3 5492230
4 5405236
5 5434298
6 5423897
7 5395077
8 5389784
9 5381890
10 5412794
11 5437691
12 5314837
13 5318862
14 5304378
15 5427697
16 5485315
17 5463490
18 5426060
19 5509028
20 5528409
21 5601108
22 5609747
23 5626346
24 5770731
25 5768808
26 5831842
27 6037048
28 6149710
29 6277427
30 6305484
31 6337832
32 6275589
33 6156780
34 5995300
35 5795023
36 5772785
37 5685368
38 5567716
39 5474875
40 5460093
41 5479231
42 5483270
43 5466366
44 5413285
45 5442650
46 5437820
47 5452153
48 5416048
49 5454767
50 5417996
51 5387620
52 5475502
53 5434646
54 5417004
55 5368830
56 5400772
57 5447662
58 5455670
59 5478992
60 5384039
61 5391264
62 5463595
63 5389409
64 5393962
65 5474094
66 5455456
67 5511911
68 5530550
69 5583750
70 5531541
71 5531320
72 5537499
73 5641363
74 5635779
75 5714090
76 5654030
77 5620416
78 5539516
79 5584386
80 5552364
81 5512811
82 5490887
83 5472267
84 5494747
85 5465578
86 5499763
87 5579221
88 5486355
89 5466242
90 5503920
91 5514350
92 5523052
93 5581656
94 5528040
95 5560009
96 5619487
97 5572795
98 5573584
99 5585919
100 5609159
101 5519889
102 5621236
103 5596358
104 5607882
105 5586829
106 5529220
107 5532979
108 5492101
109 5528361
110 5517258
111 5605160
112 5627230
113 5530484
114 5551468
115 5584652
116 5498563
117 5599718
118 5551871
119 5553884
120 5595960
121 5567448
122 5590473
123 5581190
124 5574865
125 5641587
126 5659386
127 5656616
128 5673069
129 5642348
130 5658216
131 5703267
132 5690455
133 5644165
134 5738503
135 5678732
136 5552551
137 5617395
138 5602902
139 5557166
140 5598906
141 5548190
142 5512193
143 5612060
144 5624136
145 5632094
146 5659007
147 5636255
148 5655152
149 5661126
150 5611894
151 5713052
152 5632229
153 5703649
154 5645537
155 5673637
156 5720386
157 5694190
158 5687775
159 5610582
160 5702664
161 5659089
162 5747048
163 5720312
164 5821528
165 5826974
166 5855323
167 5841135
168 5937313
169 5844066
170 5871150
171 5929940
172 5877944
173 5897614
174 5922212
