0 728593
1 720038
2 724634
3 728800
4 736783
5 726718
6 733296
7 734381
8 723399
9 731824
10 729271
11 725972
12 728815
13 726171
14 723578
15 730425
16 733825
17 722532
18 728677
19 720964
20 729724
21 729309
22 735901
23 731502
24 729087
25 731384
26 725777
27 719177
28 729457
29 728446
30 730129
31 725167
32 732153
33 734995
34 739006
35 725830
36 724347
37 728703
38 736438
39 726655
40 729416
41 732733
42 731498
43 730049
44 726327
45 727248
46 726591
47 728362
48 731078
49 733201
50 731438
51 734581
52 736153
53 740088
54 731244
55 733245
56 728596
57 730031
58 731491
59 732222
60 731449
61 732981
62 735788
63 738596
64 730714
65 731584
66 733959
67 749782
68 736182
69 735734
70 736508
71 731971
72 738094
73 735428
74 737857
75 730503
76 727377
77 740841
78 725929
79 728735
80 742930
81 738062
82 739237
83 737260
84 733279
85 733120
86 731306
87 736209
88 740238
89 732614
90 730391
91 734589
92 731566
93 735715
94 736862
95 735208
96 734671
97 732205
98 731721
99 739023
100 731621
101 734046
102 736701
103 734500
104 737916
105 734482
106 731643
107 741156
108 731559
109 744561
110 730442
111 732236
112 740146
113 740613
114 737216
115 733011
116 741408
117 736158
118 733013
119 740286
120 736528
121 742347
122 734490
123 732016
124 741958
125 739259
126 738548
127 740200
128 736654
129 740153
130 742372
131 755223
132 741224
133 737555
134 738786
135 744366
136 740229
137 750838
138 746117
139 739727
140 744984
141 752993
142 749507
143 743669
144 745090
145 745175
146 752664
147 756013
148 761292
149 768728
150 777527
151 782082
152 800935
153 801148
154 793613
155 786166
156 775005
157 758206
158 755541
159 750848
160 749498
161 750315
162 745478
163 742536
164 748485
165 739598
166 743805
167 750161
168 751738
169 738328
170 739697
171 749837
172 750230
173 747804
174 733765
175 744038
176 753223
177 749625
178 750851
