0 3437213
1 3429825
2 3426235
3 3446373
4 3431111
5 3454356
6 3454373
7 3436361
8 3438382
9 3411512
10 3432682
11 3439798
12 3429817
13 3429822
14 3433751
15 3439874
16 3440926
17 3436158
18 3436782
19 3434580
20 3435563
21 3459899
22 3437362
23 3430247
24 3429936
25 3437275
26 3458837
27 3443728
28 3432739
29 3433586
30 3447850
31 3434975
32 3461683
33 3452649
34 3442261
35 3457619
36 3459034
37 3453915
38 3455519
39 3456493
40 3457997
41 3472240
42 3461582
43 3465181
44 3461017
45 3471772
46 3468679
47 3465302
48 3474750
49 3488418
50 3461860
51 3457669
52 3457434
53 3469315
54 3473936
55 3487780
56 3483601
57 3477221
58 3485090
59 3471075
60 3484735
61 3486309
62 3477799
63 3482355
64 3491035
65 3483696
66 3494979
67 3475085
68 3489104
69 3518753
70 3502407
71 3492488
72 3484902
73 3482124
74 3485439
75 3494214
76 3502279
77 3481718
78 3492023
79 3495513
80 3490914
81 3507754
82 3496016
83 3492919
84 3484790
85 3497527
86 3497268
87 3478076
88 3506002
89 3506224
90 3507957
91 3506267
92 3509183
93 3528929
94 3521044
95 3502544
96 3527342
97 3516411
98 3507506
99 3502880
100 3524455
101 3509211
102 3510573
103 3514901
104 3520370
105 3507843
106 3518762
107 3522828
108 3519018
109 3513030
110 3519167
111 3507426
112 3546681
113 3526596
114 3515053
115 3530202
116 3512899
117 3524126
118 3509214
119 3513948
120 3529426
121 3534939
122 3526824
123 3538480
124 3536072
125 3544437
126 3537994
127 3531813
128 3540975
129 3544031
130 3554415
131 3544031
132 3559604
133 3570992
134 3555632
135 3542950
136 3565123
137 3558928
138 3565845
139 3558232
140 3561649
141 3572377
142 3602345
143 3600923
144 3607424
145 3616991
146 3657913
147 3681470
148 3722694
149 3791922
150 3888731
151 4049990
152 4170795
153 4181745
154 4075548
155 3933518
156 3804692
157 3706160
158 3686290
159 3648385
160 3621765
161 3607156
162 3601735
163 3616748
164 3579451
165 3606583
166 3564717
167 3596644
168 3590972
169 3581832
170 3606143
171 3599545
172 3612698
