0 1015687
1 1007795
2 1001793
3 1012638
4 1013143
5 1020796
6 1020314
7 1009722
8 1023975
9 1005096
10 1015673
11 1006503
12 1002543
13 1008879
14 1013264
15 1018934
16 1012539
17 1012310
18 1000900
19 1000436
20 1008401
21 1010998
22 1005694
23 1011520
24 1008169
25 1012578
26 1004768
27 1003995
28 1015394
29 1013914
30 1019359
31 1010336
32 1008362
33 1014675
34 1021073
35 1014925
36 1013131
37 1008608
38 1016263
39 1014894
40 1020101
41 1018129
42 1021633
43 1036166
44 1012902
45 1015769
46 1017317
47 1018543
48 1017181
49 1014010
50 1014340
51 1017998
52 1017422
53 1011446
54 1015551
55 1027318
56 1008770
57 1012137
58 1021534
59 1022864
60 1019714
61 1017665
62 1016264
63 1029462
64 1023140
65 1018709
66 1010738
67 1015365
68 1018037
69 1015720
70 1014082
71 1011245
72 1017333
73 1023373
74 1032901
75 1021541
76 1029327
77 1031753
78 1024646
79 1023098
80 1020236
81 1023659
82 1015711
83 1028674
84 1046737
85 1026521
86 1021246
87 1023846
88 1025781
89 1025649
90 1021791
91 1038476
92 1030763
93 1026168
94 1028552
95 1036905
96 1026816
97 1038486
98 1033587
99 1039381
100 1025332
101 1032302
102 1025678
103 1019653
104 1036782
105 1034939
106 1038222
107 1030910
108 1027054
109 1036144
110 1025690
111 1023371
112 1031973
113 1031990
114 1030649
115 1025025
116 1028361
117 1031481
118 1037580
119 1033812
120 1040301
121 1056182
122 1031724
123 1034001
124 1023595
125 1034482
126 1025125
127 1046259
128 1045180
129 1033181
130 1032776
131 1044221
132 1052247
133 1037185
134 1034105
135 1031193
136 1038825
137 1040538
138 1048154
139 1026303
140 1026908
141 1041859
142 1036864
143 1032411
144 1039317
145 1030257
146 1052684
147 1046439
148 1058591
149 1048416
150 1054870
151 1059961
152 1057341
153 1078302
154 1103260
155 1111445
156 1130653
157 1128220
158 1108242
159 1079587
160 1071654
161 1052904
162 1062972
163 1050847
164 1049259
165 1053858
166 1043869
167 1048607
168 1039447
169 1039952
170 1044830
171 1038862
172 1038434
173 1037732
174 1049754
175 1034047
176 1052322
