0 63110140
1 62898216
2 63191028
3 62971412
4 63156820
5 62982976
6 63329262
7 63318492
8 63509554
9 63793058
10 63841136
11 63875092
12 63817656
13 64303846
14 64141796
15 64243326
16 64278020
17 64350338
18 64963008
19 64544864
20 65122554
21 65222250
22 65707756
23 65983050
24 66435354
25 66758918
26 66990120
27 67543994
28 67905928
29 68697222
30 69263492
31 70131226
32 70933352
33 71188934
34 71196822
35 71065814
36 71413704
37 71275870
38 71749730
39 71368204
40 71629548
41 71774020
42 72205368
43 73216322
44 73543682
45 73472846
46 73717702
47 73564856
48 73477116
49 73006074
50 72717730
51 73066140
52 73118742
53 72906512
54 72690754
55 72793746
56 72669598
57 71997256
58 71307104
59 70267318
60 70097284
61 69178360
62 69320700
63 69124614
64 69274718
65 69301258
66 69977370
67 70884772
68 71703364
69 73778730
70 75807518
71 78679148
72 81877834
73 86154604
74 90269324
75 94556324
76 99997482
77 106558274
78 113160118
79 119111182
80 125794076
81 131024040
82 131048010
83 133671216
84 131125716
85 126764390
86 120528150
87 115628200
88 109958122
89 105565318
90 101876818
91 97761972
92 94603566
93 89148866
94 84365518
95 80901846
96 78656706
97 76975920
98 75666400
99 74339434
100 74321030
101 74646846
102 76257664
103 77549636
104 79257074
105 81177506
106 82549960
107 83089472
108 83118430
109 83604000
110 85467116
111 86979312
112 89300508
113 91762944
114 94527394
115 93628610
116 89522096
117 83860770
118 79634536
119 75620618
120 73464914
121 71874732
122 71354026
123 69941354
124 69953840
125 70306142
126 70328514
127 70674790
128 70386584
129 71091174
130 70876010
131 71430956
132 71635816
133 71651686
134 72155198
135 72975836
136 73600388
137 73506600
138 73901794
139 73235966
140 72600408
141 71502564
142 71108430
143 70126728
144 69617460
145 69104626
146 68577988
147 68434146
148 67665950
149 67620644
150 67630514
151 67766592
152 67707384
153 67506056
154 67626212
155 67453318
156 67310760
157 67063410
158 67116126
159 67120962
160 66975302
161 67363098
162 66954292
163 66743576
164 67386942
165 67092794
166 66549986
167 66938888
