0 50243432
1 50211334
2 50369446
3 50321390
4 50617550
5 50644368
6 50689712
7 50585874
8 50401728
9 50680974
10 50836134
11 50825264
12 50962632
13 50805618
14 51223424
15 51118988
16 51253026
17 51249196
18 51422822
19 51140980
20 51382768
21 51679118
22 51600102
23 51952454
24 51664218
25 51992652
26 52146470
27 52220620
28 52464518
29 52305940
30 52853518
31 52719606
32 52891292
33 52962274
34 52751166
35 52909856
36 53156434
37 53449414
38 53343170
39 53480670
40 53667196
41 53549924
42 53708758
43 53509542
44 53585742
45 54019340
46 53848804
47 54069000
48 53994756
49 54433576
50 54259728
51 54153224
52 53779810
53 53876442
54 53814126
55 53918274
56 53673692
57 54189386
58 54016668
59 53643054
60 53475150
61 53125194
62 53257536
63 53422582
64 53192726
65 53040548
66 53121736
67 53420988
68 53534662
69 53881240
70 54231172
71 54634718
72 55249650
73 56107364
74 57239130
75 58057150
76 59120982
77 59930166
78 61481992
79 62905104
80 64953922
81 66237544
82 67775208
83 68966286
84 69212680
85 69091976
86 67773566
87 66457820
88 64765662
89 63846492
90 62523572
91 61660984
92 60448234
93 59561090
94 58370348
95 56814894
96 56255148
97 55597186
98 55232806
99 55197138
100 54976488
101 54641214
102 54793012
103 54864988
104 55595120
105 55719986
106 56125610
107 56496784
108 56369756
109 56373162
110 56675210
111 57200464
112 57308904
113 57852224
114 58264752
115 58722898
116 59051220
117 57896622
118 56980272
119 56400122
120 55322770
121 54929026
122 54721712
123 54167970
124 53883668
125 53991060
126 54193440
127 54085032
128 54253002
129 54236072
130 54469172
131 54268794
132 54638476
133 54884732
134 54658022
135 54850106
136 54772240
137 55097932
138 55200992
139 55014066
140 55254050
141 55067374
142 54870794
143 54901672
144 54483800
145 54308320
146 54001272
147 54160276
148 54022514
149 54142790
150 53863594
151 54072488
152 53830382
153 53877844
154 53987122
155 53799662
156 53868496
157 53855326
158 53833478
159 54069844
160 53920770
161 53770760
162 53802606
163 53723540
164 53973680
165 53654250
166 53936338
167 54175362
