0 208430954
1 206933518
2 209976460
3 210160716
4 211681478
5 211564744
6 211852210
7 212408582
8 211607772
9 211973578
10 212392798
11 212576744
12 211605940
13 211701948
14 211955402
15 212984212
16 213161590
17 212218302
18 213361326
19 213395396
20 214047566
21 213395390
22 214848226
23 212706212
24 213544296
25 214618744
26 214337662
27 213028334
28 214195440
29 215399828
30 216823234
31 213372492
32 213010666
33 214220192
34 215006236
35 211209652
36 212633288
37 213317490
38 215328356
39 216398270
40 215935492
41 216309622
42 215993144
43 214991854
44 217655540
45 212981432
46 213925442
47 212008736
48 212501876
49 216546278
50 217286218
51 216970866
52 218005584
53 222727590
54 217861484
55 218084122
56 219062388
57 219852344
58 220513922
59 220262160
60 220825380
61 221955236
62 220985010
63 218453170
64 217417902
65 218479146
66 218325028
67 218679100
68 218578268
69 218572770
70 218264960
71 218388904
72 219634728
73 219887386
74 218944750
75 217813476
76 219823418
77 220308030
78 220125374
79 219403438
80 219449026
81 218583070
82 220141258
83 219443290
84 220256610
85 219190144
86 219150938
87 220203028
88 221336488
89 220453246
90 220787326
91 218661822
92 221696520
93 221547446
94 222246524
95 221440364
96 221593814
97 220888618
98 222033888
99 221572836
100 221717098
101 222831184
102 222327678
103 221150206
104 223798252
105 222743762
106 223620484
107 224564910
108 223966720
109 225380392
110 226122872
111 225947574
112 227103514
113 230623494
114 233009420
115 236178286
116 238688490
117 246291184
118 251944680
119 258894962
120 268386354
121 277865192
122 289698616
123 292950748
124 294400886
125 288946512
126 282395182
127 281122832
128 274353468
129 265327984
130 258631910
131 254247944
132 249335644
133 245171132
134 240347956
135 236204206
136 234207032
137 233004398
138 229939350
139 228441402
140 228692556
141 227473634
142 226666132
143 227000132
144 227968146
145 226224242
146 227305160
147 227565656
148 226886740
149 227385120
150 227227062
151 227433422
152 227965056
153 228618584
154 227590970
155 227889404
156 228330770
157 229376524
158 228499644
159 228958822
160 228810042
161 228116188
162 228005214
163 228427668
164 228179986
165 227327902
166 227906874
167 226998306
168 228249012
169 228587852
