0 266479978
1 266345862
2 266215086
3 260584428
4 246671466
5 229286000
6 265725062
7 265246108
8 265116360
9 266483892
10 264975732
11 266258452
12 267793998
13 268026458
14 269496642
15 267957178
16 265808570
17 267832300
18 268720400
19 267584192
20 268422722
21 268316722
22 267783376
23 267298282
24 266207198
25 267186652
26 267257444
27 271810072
28 270437400
29 265238648
30 252427056
31 254339300
32 269383690
33 268153696
34 270673662
35 269327896
36 269829178
37 269441702
38 269665098
39 270568742
40 269181876
41 268136714
42 271410388
43 270075796
44 271379196
45 267735390
46 271461118
47 267332974
48 270098266
49 268872762
50 269022366
51 271564604
52 263104052
53 266700492
54 269242706
55 272209646
56 267594934
57 269099912
58 270340232
59 267634230
60 266590716
61 265558524
62 267333720
63 270405576
64 272961444
65 270326718
66 269902876
67 271091036
68 271422896
69 272222890
70 270907060
71 273927298
72 272438192
73 271947362
74 272987670
75 271652176
76 274914986
77 273363838
78 274562458
79 271031286
80 273168964
81 274538928
82 273517556
83 274831722
84 276187314
85 275415922
86 274299190
87 275257078
88 274716112
89 276730236
90 276249024
91 275927036
92 277454054
93 276141216
94 277955612
95 278268166
96 277380270
97 275522908
98 278379876
99 278220144
100 279135304
101 279611454
102 278744294
103 282465788
104 282968470
105 284731012
106 286343022
107 285496304
108 290116468
109 290935556
110 295742888
111 301122074
112 306553542
113 314456328
114 320500836
115 337611538
116 363054506
117 386635304
118 417196562
119 444950956
120 478350580
121 512247084
122 525705908
123 529973406
124 522056322
125 506922166
126 488155104
127 464964620
128 441998094
129 419250864
130 398592602
131 381381656
132 360139722
133 344998754
134 331666414
135 318817834
136 310252574
137 300801826
138 296470874
139 293167772
140 285770948
141 285226738
142 281079324
143 274747422
144 282251326
145 279752816
146 281673384
147 282853968
148 283058176
149 283516118
150 282679902
151 281555924
152 281538604
153 281790420
154 280948542
155 280653414
156 281118542
157 280298186
158 282485190
159 281097442
160 280739720
161 281286250
162 282131578
163 282461870
164 281161852
165 282723132
166 280689634
167 281433904
168 282453368
169 281966906
170 284468524
171 266547802
172 283201402
173 281708136
174 273821712
175 272343648
176 280975410
177 280627568
178 280655738
