0 166312048
1 166438534
2 171214266
3 180122284
4 177917590
5 180226060
6 178316138
7 177964078
8 169590144
9 168727246
10 178498178
11 177270672
12 177807334
13 178583296
14 177169184
15 176574552
16 176905492
17 176442586
18 177541578
19 179352792
20 178113020
21 165493294
22 160708790
23 166460784
24 167131938
25 179676000
26 179160104
27 179064174
28 178621682
29 179388034
30 178934200
31 179913076
32 180460068
33 180417512
34 180719612
35 181259256
36 180800310
37 180938940
38 181201298
39 181820458
40 180762634
41 181051226
42 182112458
43 180809726
44 182205274
45 182380220
46 183134436
47 181879814
48 182826118
49 183318698
50 183953982
51 183217132
52 183800760
53 183054968
54 183192342
55 182436192
56 183797312
57 184355272
58 182967784
59 181947482
60 182915096
61 185105942
62 184681618
63 183723686
64 185145664
65 183537886
66 183896660
67 187202712
68 184738402
69 184571666
70 186116824
71 184580954
72 183344162
73 185638860
74 184115586
75 181079244
76 187486068
77 185834078
78 186589948
79 186053372
80 185089772
81 185670804
82 184781722
83 186060044
84 167257224
85 147068468
86 158997576
87 189638374
88 189440482
89 184008826
90 186522910
91 186225140
92 188607516
93 189976682
94 189970978
95 190565520
96 188717630
97 190828282
98 190033778
99 190459964
100 188501212
101 185730474
102 190883508
103 189611038
104 189753746
105 190776792
106 187843070
107 189426498
108 189011946
109 192368926
110 190798380
111 191049814
112 193369694
113 199346130
114 195504274
115 202317734
116 204527510
117 213777712
118 212853822
119 240368478
120 244788866
121 242510876
122 242728456
123 237786440
124 233312740
125 229037554
126 225127436
127 221207576
128 216573520
129 213129596
130 211383716
131 209008784
132 204706440
133 206304854
134 190140974
135 190281804
136 189367590
137 188864166
138 192128226
139 193150264
140 192566044
141 192575998
142 192042576
143 190862314
144 191394894
145 192211144
146 192242862
147 190862202
148 193064286
149 191226500
150 192301020
151 193812246
152 192406110
153 192318280
154 193531042
155 194620536
156 193606382
157 191636752
158 193156956
159 192302434
160 192465982
161 194020318
162 194818908
163 194529596
164 193584424
165 193987846
166 194538042
167 194670780
168 194633944
169 188901544
