0 131301572
1 130910798
2 131554500
3 131459302
4 132550514
5 131069130
6 131798628
7 131864678
8 132251608
9 132043936
10 132391186
11 132730632
12 133283688
13 132794542
14 132947972
15 134277760
16 133422670
17 132956666
18 134007518
19 134578516
20 133792614
21 135220776
22 135698416
23 135555324
24 135233898
25 136649814
26 136460448
27 136817518
28 136586674
29 136957438
30 136907624
31 137274572
32 137902470
33 138557810
34 139153382
35 138398738
36 140333400
37 140051816
38 140313336
39 140312250
40 141660822
41 142158600
42 141390902
43 143314982
44 142675940
45 144069950
46 144292324
47 143177380
48 145317246
49 144170696
50 146859336
51 147466044
52 148200924
53 148439614
54 146203196
55 149462380
56 150647466
57 150871072
58 151152436
59 151783932
60 151001426
61 152945892
62 151825606
63 155370890
64 153195918
65 156074858
66 155645010
67 155722136
68 160196048
69 157391482
70 158536814
71 162580632
72 163192424
73 160319686
74 160782958
75 168009076
76 169525876
77 170327752
78 167291888
79 173515328
80 175799138
81 177294684
82 177246228
83 174441950
84 183058826
85 177308402
86 187221466
87 189674134
88 184081416
89 187628990
90 189326638
91 200953156
92 202609468
93 200837694
94 211395428
95 214228386
96 217561656
97 216525982
98 226128780
99 229757912
100 229692238
101 226868768
102 246350780
103 251892826
104 256772228
105 264031440
106 271431494
107 267371934
108 286848662
109 288952058
110 312964032
111 313374072
112 339141904
113 359415046
114 380618666
115 405356592
116 439296532
117 468113160
118 516547934
119 570025670
120 638412898
121 728129422
122 838530244
123 961708062
124 1094717942
125 1260214712
126 1379530110
127 1413841388
128 1350848752
129 1240212602
130 1113509862
131 1020357538
132 934137002
133 861064992
134 798931494
135 739568694
136 677986390
137 615253976
138 561046458
139 498865738
140 463098864
141 424621140
142 392346218
143 355311818
144 330579496
145 309892114
146 297345844
147 282883352
148 269098512
149 258465036
150 242362916
151 239729424
152 231153902
153 224989560
154 218523526
155 213593692
156 202866658
157 198684154
158 195826698
159 196073926
160 192356312
161 188775260
162 185781772
163 178434856
164 178554892
165 176476214
166 173271330
167 170719532
