0 107372930
1 104242272
2 101153722
3 107939294
4 108239456
5 108287618
6 102058550
7 109066624
8 108394272
9 108103160
10 108753658
11 109466926
12 108847392
13 109074598
14 109542654
15 102026050
16 103052174
17 105582604
18 105466176
19 109959958
20 111635048
21 103621744
22 110889554
23 108861028
24 111776096
25 103914848
26 111546452
27 112539668
28 112964430
29 113193648
30 113215270
31 110875314
32 115944088
33 107406418
34 116616220
35 116542720
36 117228534
37 116805840
38 117032086
39 117459772
40 117285176
41 118110694
42 118336424
43 119146400
44 113962676
45 120321250
46 115637490
47 121480178
48 110715242
49 124679250
50 117795838
51 126167796
52 125445800
53 125473464
54 111273876
55 127796890
56 122937436
57 129649404
58 126087088
59 113501150
60 120176382
61 132539564
62 135111912
63 116998458
64 117730818
65 138380006
66 138357748
67 139149840
68 116907798
69 142080692
70 143691234
71 144902942
72 146738330
73 147365204
74 120522770
75 141800294
76 123064832
77 152944970
78 127290686
79 156992488
80 126765244
81 160019162
82 143911724
83 126403300
84 164675444
85 147579164
86 130169912
87 130505682
88 173309334
89 175742222
90 178892844
91 180477714
92 139487402
93 186795736
94 168492624
95 191737534
96 142889714
97 197142678
98 164397316
99 201555494
100 209307328
101 211316422
102 214666486
103 156191508
104 178035758
105 159956424
106 162728962
107 166094286
108 168154786
109 170919550
110 234878222
111 236426478
112 238172166
113 238765342
114 239604874
115 239514316
116 216454232
117 238851548
118 229623524
119 239646870
120 225016718
121 199715482
122 201025336
123 208216012
124 249163084
125 230308310
126 245167464
127 238307214
128 223867804
129 237180476
130 226385392
131 190553894
132 215202190
133 211745384
134 210608682
135 209480362
136 170628964
137 204921206
138 201403002
139 159461936
140 196785770
141 194300972
142 192045382
143 189774212
144 186495722
145 184560186
146 182473144
147 177790784
148 166586810
149 175492584
150 136621704
151 171464396
152 169423060
153 132645054
154 132106490
155 164596266
156 130189244
157 147201142
158 128965964
159 148338274
160 141465310
161 153572388
162 133190560
163 145176140
164 128676676
165 146890126
166 133181284
167 142353316
