0 128434842
1 132947214
2 135164578
3 134821804
4 128144518
5 135177604
6 135028270
7 128341282
8 135546194
9 135485528
10 136447906
11 129740586
12 135033512
13 136130378
14 136474070
15 130179700
16 137405398
17 132669152
18 137366964
19 137738176
20 136792266
21 136658532
22 133024760
23 138615612
24 135893342
25 138951848
26 139242320
27 140020406
28 140303908
29 138595746
30 132806682
31 140738036
32 140998702
33 141421808
34 141469544
35 137299494
36 142092296
37 135618192
38 143458838
39 143339612
40 135055898
41 140378200
42 144251556
43 135819896
44 143650080
45 141471972
46 138775626
47 137207738
48 148112184
49 147966852
50 149338870
51 138303164
52 142407594
53 139300456
54 146354570
55 140104804
56 152935798
57 153750530
58 154798252
59 143559074
60 142321368
61 156654968
62 157787492
63 158722598
64 156508664
65 146492568
66 144435606
67 145218052
68 151030104
69 146430752
70 167757068
71 166170758
72 151955892
73 148653442
74 172485648
75 173823610
76 157265942
77 176592758
78 158820798
79 154003920
80 171678844
81 175842938
82 157929122
83 156585436
84 188813800
85 158870094
86 191099376
87 176320204
88 195362496
89 199164428
90 198927618
91 166399174
92 167136234
93 208742214
94 201705846
95 214651206
96 218006832
97 178313524
98 204974476
99 179598672
100 228218924
101 183553110
102 235739120
103 192981044
104 211324780
105 244535268
106 246914668
107 250014826
108 254444670
109 203556220
110 226877226
111 262876264
112 265433076
113 267723080
114 219111592
115 273428890
116 274914650
117 277483494
118 280732518
119 278266808
120 285799806
121 290425090
122 259759766
123 266831924
124 309060762
125 293416074
126 332928042
127 362290468
128 362233170
129 359363352
130 356217702
131 355788744
132 347994168
133 338953442
134 327119442
135 313532474
136 297767096
137 289699464
138 282545350
139 273477286
140 271532546
141 245977126
142 261575318
143 247505040
144 260959290
145 249046748
146 219947064
147 246552368
148 239517510
149 233884902
150 233369152
151 227579048
152 193988056
153 216742906
154 211329918
155 178337186
156 179653376
157 200113666
158 197525044
159 196192314
160 192944682
161 185252712
162 188505348
163 186094330
164 161156084
165 184219860
166 159247036
167 164212822
