0 157118242
1 154140170
2 153269598
3 155991008
4 155034604
5 155602364
6 156765874
7 155933154
8 154782894
9 155035594
10 157416094
11 158167760
12 156441588
13 155337100
14 156078286
15 160014594
16 160801710
17 162135226
18 161901298
19 164501638
20 167925058
21 167880866
22 171855390
23 177154720
24 181223666
25 185642532
26 192400064
27 199846306
28 209478230
29 215344980
30 217380188
31 218799510
32 215714198
33 208070168
34 202367884
35 192660248
36 187651520
37 182358690
38 175168012
39 170517120
40 168228612
41 166440998
42 165299184
43 162557138
44 161931656
45 163025996
46 161690268
47 160052650
48 160198150
49 159454350
50 159884746
51 158403154
52 160152098
53 159048334
54 158173812
55 157986246
56 157834048
57 158710902
58 158256640
59 159795750
60 158285958
61 158126726
62 160452120
63 159575660
64 159685508
65 162243486
66 161729858
67 164752200
68 165220754
69 169158352
70 170400224
71 172617288
72 175390556
73 179100650
74 181192434
75 182606598
76 180289778
77 176902352
78 172881370
79 169774826
80 168921056
81 166139714
82 165053034
83 163685158
84 164161122
85 162987272
86 163626288
87 165502898
88 165008434
89 164030950
90 165486364
91 166319474
92 166619740
93 169123192
94 169036704
95 171743882
96 171193292
97 171136558
98 172371274
99 172357876
100 172664198
101 170575478
102 172099840
103 170882724
104 170560170
105 166001970
106 164308432
107 162465502
108 162082702
109 161436126
110 160990804
111 161857792
112 162217782
113 161348414
114 161305660
115 162434190
116 159032404
117 161388254
118 161006972
119 160433428
120 160110722
121 160962292
122 160087336
123 160483944
124 159733596
125 162623018
126 162434834
127 163173118
128 162288490
129 162169044
130 162511792
131 162075588
132 161839680
133 162455220
134 163087798
135 163184770
136 158400622
137 160252242
138 159739768
139 158612044
140 159739192
141 158351210
142 157442778
143 160756750
144 160651136
145 160612714
146 160517366
147 161831756
148 160505586
149 159774458
150 160846036
151 160408544
152 161845120
153 160861460
154 160972508
155 161448484
156 162660430
157 162955966
158 161247664
159 160449014
160 162715562
161 161727572
162 163279818
163 162858654
164 165316916
165 166154870
166 166112796
167 166160788
168 166827638
169 165520596
170 166170560
171 168267144
172 166888018
173 166996632
174 168947772
