0 211530160
1 210502774
2 211928156
3 211764072
4 211181332
5 212311622
6 214671256
7 215084958
8 216251170
9 217318922
10 220325964
11 220559680
12 223007852
13 225602282
14 230470846
15 234313182
16 240256464
17 245797742
18 253200568
19 303298130
20 317801990
21 337027222
22 360865546
23 431425972
24 474436170
25 524553888
26 571355180
27 617126192
28 656925542
29 671682658
30 658127542
31 627174352
32 581787568
33 540129106
34 483452094
35 442934922
36 408100394
37 380333108
38 360283634
39 311308746
40 302331182
41 290971224
42 282330112
43 275639296
44 270938612
45 266757284
46 264239476
47 260559368
48 258596668
49 256756066
50 257179624
51 256270422
52 257138098
53 257875520
54 257527004
55 259209146
56 259133976
57 261099406
58 261610500
59 262351176
60 264821120
61 265538450
62 265271440
63 265399918
64 266241758
65 269194244
66 270763720
67 271163666
68 275207424
69 279633556
70 284133028
71 292404112
72 300470232
73 307278196
74 311051438
75 304865140
76 298256080
77 289345600
78 280731678
79 273933430
80 272644536
81 270372238
82 271679984
83 270776100
84 270866270
85 265501814
86 260154838
87 256059534
88 251974672
89 249670244
90 249779252
91 248118416
92 246759192
93 243937780
94 241648682
95 243549284
96 240973600
97 240904696
98 239754436
99 239606094
100 239799232
101 239540720
102 236437032
103 239046604
104 238884766
105 238074506
106 239289212
107 240228648
108 239967318
109 238394892
110 240742966
111 239925858
112 239642408
113 241243362
114 241848762
115 240000848
116 238729642
117 239732950
118 237778978
119 238677038
120 237580368
121 237336676
122 236775090
123 238166730
124 239635232
125 238460008
126 237732260
127 239127938
128 239514760
129 240840182
130 239182254
131 239875364
132 239454846
133 241361428
134 240793774
135 241005810
136 237569912
137 239221408
138 239424102
139 240633214
140 207079294
141 206540266
142 207546578
143 207518160
144 207154506
145 207680816
146 207670122
147 208271524
148 206993926
149 208174092
150 207572064
151 207917128
152 208161180
153 208882102
154 208916606
155 207549422
156 209513914
157 209488546
158 209131222
159 209698226
160 210792488
161 209920110
162 210183342
163 210396362
164 211999086
165 211127104
166 210392842
167 210168086
168 212147248
169 211726668
