0 96094542
1 96378178
2 96198318
3 96583190
4 96700160
5 96497314
6 96576592
7 95987308
8 96282886
9 96326242
10 96570500
11 96656196
12 96593224
13 96434800
14 96691204
15 96421578
16 96831554
17 96772004
18 96773226
19 96657286
20 96701704
21 96934250
22 96809368
23 96909970
24 96302302
25 96705352
26 97152430
27 96400766
28 96272372
29 96567166
30 97382990
31 96670256
32 97027572
33 96776326
34 96623488
35 97296908
36 97164972
37 96977718
38 97045644
39 97113794
40 96808044
41 97652756
42 97242602
43 97525424
44 96816850
45 97630738
46 97378422
47 97553562
48 97615934
49 97378594
50 97193902
51 96966814
52 97499712
53 97583122
54 98094666
55 97409842
56 98063664
57 97893814
58 97734624
59 97387646
60 97548974
61 97783024
62 97491520
63 97834660
64 97728890
65 98204926
66 98163762
67 97793164
68 98164890
69 98420376
70 98325008
71 98305780
72 98392106
73 97945468
74 98260242
75 97996106
76 98429848
77 98023240
78 98408926
79 99154264
80 98267846
81 98529880
82 98406722
83 98408792
84 98311238
85 98292336
86 98419328
87 98459770
88 98669514
89 98783086
90 99098758
91 98736380
92 98655044
93 98887110
94 99444592
95 99191920
96 99135010
97 99093464
98 98919694
99 99306962
100 99235350
101 99176522
102 98669786
103 99158364
104 99756390
105 99449424
106 99608904
107 99723310
108 99411778
109 99426118
110 99725988
111 99142634
112 100219634
113 100099712
114 100250362
115 100295332
116 100194048
117 100416404
118 100784882
119 100683974
120 101213502
121 100738042
122 100535508
123 101753588
124 101931656
125 101547776
126 102413844
127 102438420
128 103578176
129 103965202
130 104295764
131 104426930
132 105158520
133 106412022
134 106897908
135 108742984
136 109454444
137 111311870
138 113036328
139 114639622
140 117201776
141 120564678
142 124253726
143 128861430
144 135324474
145 143217250
146 154409986
147 170216700
148 192849422
149 219928764
150 253458262
151 283742902
152 304767788
153 304344720
154 284674938
155 255818848
156 223406678
157 195853012
158 174552990
159 158430888
160 144205068
161 134312834
162 127103732
163 122760874
164 118357304
165 115269936
166 112174440
167 110712424
