0 29824678
1 29783206
2 29853854
3 29718682
4 30022566
5 29965614
6 29890434
7 29742496
8 29936612
9 29805588
10 30013398
11 29788452
12 29707524
13 29684952
14 29622758
15 29922296
16 29779042
17 29812192
18 29738232
19 29551120
20 29826818
21 29820988
22 29786998
23 29869344
24 29813258
25 29978498
26 29754964
27 29768976
28 29860934
29 29743464
30 29827336
31 29742876
32 29810578
33 29863466
34 30033610
35 29932194
36 29891710
37 29864740
38 29889078
39 29853516
40 29850346
41 29978050
42 29928990
43 30058318
44 29808232
45 29925186
46 30015692
47 29894468
48 29949344
49 29919162
50 29847166
51 30006438
52 30013474
53 29973806
54 29967456
55 30093184
56 29981990
57 29972314
58 30004356
59 30152114
60 29884738
61 30102368
62 29928538
63 30130912
64 30144772
65 30131736
66 29861966
67 30012712
68 30074456
69 30228046
70 29968602
71 29875840
72 29997030
73 30128046
74 30236522
75 30099920
76 30359158
77 30312046
78 30419614
79 30331832
80 30127240
81 30321680
82 30150140
83 30169858
84 30296310
85 30251422
86 30171000
87 30290804
88 30196970
89 30366348
90 30222144
91 30364846
92 30287918
93 30237176
94 30321704
95 30320102
96 30462216
97 30401482
98 30505464
99 30498048
100 30278236
101 30412380
102 30349986
103 30180340
104 30453624
105 30228760
106 30497570
107 30443474
108 30467178
109 30319866
110 30381364
111 30449568
112 30516422
113 30521950
114 30570302
115 30453006
116 30514322
117 30560770
118 30563768
119 30515416
120 30599076
121 30785148
122 30753684
123 30724676
124 30730162
125 30726984
126 30642612
127 30962830
128 30895398
129 31005550
130 30921776
131 30882430
132 31403752
133 31469670
134 31281810
135 31092952
136 31148012
137 31415112
138 31485504
139 31640786
140 31740350
141 32035346
142 32168790
143 32608854
144 32959200
145 33223352
146 33777802
147 34334474
148 35081706
149 36245300
150 37839670
151 40215572
152 43235560
153 47612744
154 52047496
155 55959032
156 57568804
157 56417568
158 52639624
159 47953918
160 44302336
161 40997788
162 40961978
163 38411178
164 36663252
165 36579392
166 35337638
167 34293906
