0 21987280
1 21967532
2 22052484
3 22044612
4 22102914
5 22057786
6 22089050
7 22119504
8 21895296
9 22023206
10 22085678
11 22059248
12 22117598
13 22010894
14 22102064
15 22106332
16 22155848
17 22039172
18 22088754
19 21992820
20 21986462
21 22099544
22 22149718
23 22125060
24 22114792
25 22103438
26 22050482
27 21996040
28 22037064
29 22047738
30 22094138
31 22033558
32 22152766
33 22173856
34 22223152
35 22078750
36 21997150
37 22025366
38 22211664
39 22157130
40 22110394
41 22108506
42 22090580
43 22178892
44 22000760
45 22178636
46 22135152
47 22090146
48 22252376
49 22181852
50 22159030
51 22086676
52 22278912
53 22222360
54 22075772
55 22162622
56 22144150
57 22168980
58 22196284
59 22132728
60 22151768
61 22182114
62 22191290
63 22187278
64 22179300
65 22118074
66 22054152
67 22289822
68 22212912
69 22118306
70 22186996
71 22202162
72 22176756
73 22215872
74 22295844
75 22046294
76 22100020
77 22253230
78 22130020
79 22135144
80 22202686
81 22333050
82 22360136
83 22299150
84 22193828
85 22170456
86 22193960
87 22182722
88 22273492
89 22228848
90 22218090
91 22246926
92 22238398
93 22265838
94 22240570
95 22244196
96 22293882
97 22201916
98 22102188
99 22235622
100 22205190
101 22227846
102 22151560
103 22311204
104 22334212
105 22306810
106 22212550
107 22298168
108 22240494
109 22254190
110 22227428
111 22232954
112 22301050
113 22207572
114 22416076
115 22355608
116 22371840
117 22407520
118 22282862
119 22428396
120 22393788
121 22376272
122 22434646
123 22410694
124 22413390
125 22578164
126 22580866
127 22503106
128 22607352
129 22671158
130 22814404
131 22926142
132 22854286
133 22910858
134 23027108
135 23216280
136 23229542
137 23417406
138 23561740
139 23580942
140 23904222
141 24068454
142 24380882
143 24751648
144 25202842
145 25853362
146 26917144
147 28131932
148 30286670
149 32973362
150 36240234
151 39176890
152 41032838
153 41088178
154 39194610
155 36384152
156 33238738
157 30863564
158 28790906
159 27190694
160 26124868
161 26138824
162 25208352
163 24508968
164 24125096
165 23788248
166 23737484
167 23376516
