0 3746253
1 3856212
2 4174142
3 4604007
4 4960908
5 5337829
6 5828475
7 6362494
8 7029899
9 7882641
10 8807942
11 9890513
12 11154673
13 12851356
14 14912044
15 17434536
16 20498823
17 23980713
18 28200385
19 33207056
20 38936437
21 44761301
22 49486814
23 50897549
24 48330209
25 43068803
26 37488765
27 32385535
28 27719216
29 23561249
30 20008673
31 17072502
32 14900672
33 12886077
34 11180681
35 9777398
36 8644176
37 7697603
38 6876342
39 6254391
40 5725292
41 5185993
42 4753154
43 4359244
44 4002790
45 3705804
46 3422221
47 3205898
48 2991646
49 2820455
50 2681178
51 2549444
52 2424196
53 2342188
54 2253273
55 2170970
56 2095724
57 2028775
58 1959866
59 1911101
60 1858743
61 1814757
62 1774820
63 1728820
64 1695655
65 1658559
66 1646085
67 1611154
68 1589088
69 1572037
70 1548684
71 1521123
72 1511631
73 1502181
74 1473250
75 1472401
76 1463180
77 1443301
78 1436035
79 1426416
80 1408337
81 1407612
82 1395138
83 1398831
84 1383260
85 1367528
86 1369254
87 1366145
88 1355520
89 1353630
90 1357792
91 1342007
92 1349287
93 1348515
94 1332224
95 1335336
96 1316925
97 1316527
98 1320863
99 1343880
100 1349250
101 1355477
102 1354992
103 1348556
104 1350176
105 1330301
106 1337369
107 1336830
108 1350657
109 1339899
110 1357584
111 1343670
112 1347263
113 1338015
114 1345083
115 1331315
116 1343611
117 1328281
118 1320888
119 1324869
120 1329832
121 1320140
122 1309037
123 1306597
124 1333748
125 1324182
126 1319339
127 1320876
128 1322595
129 1309705
130 1331232
131 1318568
132 1313820
133 1327361
134 1322469
135 1321160
136 1311203
137 1317772
138 1315605
139 1325728
140 1320616
141 1315701
142 1320506
143 1314036
144 1306979
145 1303468
146 1304594
147 1312780
148 1310283
149 1311190
150 1304642
151 1310888
152 1298149
153 1305000
154 1301866
155 1308464
156 1315658
157 1312269
158 1313503
159 1300492
160 1303448
161 1304861
162 1312125
163 1297515
164 1297865
165 1308469
166 1299845
