0 5180849
1 5440456
2 6600026
3 7618920
4 8186029
5 9401756
6 10356096
7 11722826
8 13240232
9 14685957
10 16242732
11 17567549
12 19540011
13 21526971
14 23799358
15 26145927
16 28604630
17 31017160
18 32673341
19 33727775
20 34264211
21 34318220
22 33977342
23 33158642
24 32002423
25 30416584
26 27986639
27 25196098
28 21242517
29 18066254
30 15325025
31 12825720
32 10960841
33 9214091
34 7876451
35 6804078
36 5967456
37 5325056
38 4796019
39 4386655
40 4010526
41 3686894
42 3425117
43 3192566
44 2998477
45 2829752
46 2684052
47 2419552
48 2299191
49 2192584
50 2095160
51 2008317
52 1922660
53 1859575
54 1790198
55 1724991
56 1671065
57 1614383
58 1561525
59 1526451
60 1494449
61 1397619
62 1365381
63 1310514
64 1262184
65 1231793
66 1202269
67 1173233
68 1157358
69 1126144
70 1094491
71 1073310
72 1053634
73 1031933
74 1014219
75 998278
76 984333
77 968251
78 942688
79 928999
80 912450
81 898104
82 880826
83 870697
84 859590
85 849213
86 836003
87 822571
88 814614
89 811980
90 797804
91 794233
92 779409
93 772268
94 768210
95 760043
96 753979
97 753765
98 737812
99 737319
100 740851
101 731845
102 731474
103 725163
104 714845
105 704364
106 708822
107 711749
108 704173
109 704024
110 699884
111 697801
112 693866
113 693796
114 688979
115 687476
116 689313
117 681064
118 678326
119 677419
120 667575
121 669508
122 664782
123 659928
124 656491
125 654468
126 654716
127 650897
128 648746
129 642986
130 644750
131 640803
132 632879
133 633783
134 635377
135 634568
136 632602
137 628170
138 631344
139 628880
140 626813
141 623884
142 619645
143 617026
144 616066
145 615361
146 616141
147 612864
148 611948
149 609492
150 608897
151 605669
152 604856
153 604049
154 600835
155 602410
156 598298
157 595863
158 595196
159 588503
160 593668
161 590838
162 591356
163 593596
164 589451
165 588335
166 587938
