0 397160
1 395372
2 397272
3 400264
4 399961
5 400068
6 399860
7 403464
8 401664
9 402348
10 405453
11 404624
12 409126
13 405649
14 407375
15 410760
16 412004
17 413846
18 412913
19 417922
20 416959
21 418168
22 418973
23 419711
24 421007
25 423624
26 425351
27 424953
28 428149
29 429393
30 432396
31 433768
32 435861
33 437712
34 440535
35 442828
36 443342
37 448682
38 448337
39 449107
40 450921
41 453426
42 456473
43 459375
44 461035
45 463205
46 467746
47 468225
48 470237
49 473680
50 476220
51 483287
52 480079
53 487943
54 485193
55 490400
56 495438
57 498957
58 498053
59 502592
60 507379
61 507271
62 512792
63 516739
64 520495
65 525609
66 531143
67 535327
68 536100
69 541190
70 546649
71 547349
72 554740
73 557215
74 566139
75 569942
76 574219
77 578833
78 582910
79 587190
80 595200
81 601560
82 607304
83 611861
84 614883
85 620397
86 626978
87 628842
88 637853
89 642358
90 648018
91 654011
92 658714
93 666274
94 669834
95 680098
96 685842
97 693079
98 698257
99 706532
100 712800
101 724508
102 733699
103 739238
104 749430
105 758968
106 769570
107 782445
108 791105
109 807204
110 817500
111 831278
112 846040
113 860331
114 876942
115 897141
116 911434
117 932749
118 955403
119 978687
120 1002942
121 1032791
122 1066448
123 1100174
124 1135093
125 1177196
126 1220997
127 1266599
128 1318260
129 1370572
130 1423972
131 1475898
132 1537740
133 1602037
134 1671179
135 1739821
136 1820814
137 1915660
138 2007660
139 2111623
140 2221849
141 2355399
142 2508213
143 2690308
144 2912755
145 3178634
146 3481351
147 3850593
148 4282425
149 4770215
150 5387057
151 6193422
152 7231864
153 8605651
154 10375823
155 12628730
156 15979189
157 20829186
158 28275959
159 39971973
160 56576316
161 76609932
162 93457614
163 98645409
164 88503227
165 66947183
166 44485594
