0 964732
1 964193
2 973759
3 974431
4 986505
5 988440
6 995536
7 998054
8 1008394
9 1009166
10 1022347
11 1025761
12 1028751
13 1043638
14 1050159
15 1053991
16 1058184
17 1066885
18 1075678
19 1081640
20 1080960
21 1103033
22 1105859
23 1111109
24 1128525
25 1135248
26 1142337
27 1152707
28 1149095
29 1161517
30 1172008
31 1185287
32 1184809
33 1195760
34 1211228
35 1221636
36 1226194
37 1231708
38 1248561
39 1260525
40 1263111
41 1279485
42 1287921
43 1285737
44 1307163
45 1306378
46 1323079
47 1328692
48 1341826
49 1349905
50 1358591
51 1358481
52 1384066
53 1397883
54 1404545
55 1415362
56 1429578
57 1433884
58 1438496
59 1459462
60 1473868
61 1474048
62 1480639
63 1502839
64 1514260
65 1516288
66 1533841
67 1527223
68 1558505
69 1561214
70 1591211
71 1609526
72 1614769
73 1632415
74 1567758
75 1569427
76 1582504
77 1596013
78 1606196
79 1631342
80 1647724
81 1661016
82 1670373
83 1691020
84 1723028
85 1728687
86 1737494
87 1748497
88 1769021
89 1808576
90 1822771
91 1836780
92 1848205
93 1873237
94 1888151
95 1905241
96 1926028
97 1954988
98 1981811
99 2003657
100 2016433
101 2042681
102 2067510
103 2094379
104 2151193
105 2156777
106 2187056
107 2223104
108 2255195
109 2293853
110 2314803
111 2365342
112 2369594
113 2433539
114 2456340
115 2539710
116 2576090
117 2601180
118 2653100
119 2726293
120 2745543
121 2807803
122 2883546
123 2899966
124 2987978
125 3080801
126 3142086
127 3204951
128 3218185
129 3430029
130 3496259
131 3636171
132 3688354
133 3800143
134 3954548
135 4078223
136 4206333
137 4475985
138 4660849
139 4868234
140 5009100
141 5270591
142 5608677
143 5761137
144 5990312
145 5852072
146 6793531
147 7081663
148 7258378
149 8034354
150 8732604
151 9699144
152 11150409
153 12453332
154 13353143
155 16984664
156 20316259
157 24200767
158 31142816
159 38109223
160 43220879
161 51553015
162 50424128
163 43847245
164 35495249
165 26600954
166 20013633
