0 431254
1 433288
2 433472
3 435237
4 431578
5 434216
6 431729
7 439070
8 435530
9 434447
10 434225
11 436992
12 430216
13 433115
14 436797
15 437779
16 435933
17 434475
18 437744
19 436211
20 433640
21 439443
22 438926
23 442422
24 442399
25 441242
26 440534
27 441960
28 441709
29 442965
30 444387
31 446989
32 442577
33 447796
34 448310
35 445124
36 451048
37 452078
38 450693
39 457429
40 456145
41 454324
42 456670
43 458388
44 461907
45 466431
46 465597
47 465240
48 468482
49 471363
50 469030
51 474974
52 476720
53 480378
54 481514
55 484099
56 489388
57 492396
58 493483
59 500227
60 505492
61 509063
62 510339
63 518709
64 521282
65 528235
66 535559
67 544354
68 549191
69 561556
70 568041
71 580214
72 590386
73 606896
74 623058
75 623942
76 647362
77 659335
78 687948
79 710809
80 742266
81 772033
82 807133
83 851876
84 900080
85 952921
86 1022846
87 1055368
88 1093767
89 1300659
90 1429312
91 1584557
92 1788108
93 2101877
94 2519393
95 3000595
96 3568473
97 4246907
98 4881756
99 5469837
100 6045815
101 6318427
102 6810596
103 7208586
104 7318386
105 7066798
106 6591586
107 5945830
108 5457005
109 5066523
110 4809354
111 4577034
112 4355446
113 4178560
114 4007636
115 3857767
116 3726576
117 3657209
118 3610803
119 3596617
120 3573661
121 3498377
122 3379473
123 3196153
124 3027111
125 2773106
126 2459169
127 2091120
128 1698804
129 1335292
130 1070483
131 911609
132 800457
133 732643
134 680625
135 646491
136 616826
137 592251
138 579985
139 560450
140 549383
141 535488
142 527461
143 518512
144 511844
145 505431
146 499899
147 494384
148 483558
149 485856
150 480926
151 471912
152 472180
153 471653
154 466894
155 465113
156 459153
157 455855
158 454667
159 454811
160 457081
161 457081
162 457081
163 457081
164 457081
165 457081
166 457081
