0 550946
1 554315
2 550806
3 559364
4 560292
5 551383
6 556771
7 562162
8 555311
9 556995
10 561090
11 562411
12 564786
13 561459
14 569517
15 562581
16 568949
17 567252
18 566892
19 572207
20 575264
21 569641
22 577719
23 578974
24 584228
25 575944
26 581345
27 585291
28 586072
29 585083
30 587084
31 594833
32 599392
33 594400
34 596709
35 600981
36 609588
37 604784
38 609331
39 612456
40 612203
41 624785
42 623102
43 624998
44 628060
45 630223
46 637652
47 645111
48 645548
49 654912
50 658760
51 659187
52 660408
53 670673
54 680916
55 689793
56 687393
57 698938
58 706338
59 711795
60 730877
61 728718
62 744343
63 755616
64 768116
65 783256
66 802378
67 810580
68 824334
69 843415
70 856815
71 876597
72 910788
73 942661
74 973142
75 1000529
76 1034312
77 1080814
78 1123625
79 1186551
80 1275979
81 1391169
82 1536608
83 1717682
84 1956539
85 2246618
86 2534275
87 2806379
88 2905237
89 2796621
90 2574660
91 2242508
92 1922539
93 1652852
94 1434289
95 1303870
96 1210335
97 1147233
98 1089588
99 1053658
100 1013272
101 978109
102 956183
103 942005
104 915527
105 906390
106 901829
107 863763
108 843636
109 827368
110 804386
111 797917
112 781963
113 766971
114 763148
115 751790
116 740507
117 738794
118 727487
119 726502
120 713758
121 709659
122 708704
123 709679
124 700640
125 708811
126 714268
127 705638
128 720594
129 734870
130 757603
131 784782
132 823668
133 907292
134 1033736
135 1217358
136 1397610
137 1508048
138 1438065
139 1224029
140 993056
141 855182
142 783748
143 741159
144 719850
145 700970
146 689597
147 681022
148 676659
149 678296
150 682257
151 692668
152 702320
153 719949
154 751883
155 791281
156 848335
157 934061
158 1022310
159 1107013
160 1144987
161 1119189
162 1012981
163 905879
164 823279
165 759654
166 711523
