0 607099
1 607238
2 612614
3 615886
4 625177
5 620368
6 623240
7 622168
8 618535
9 629641
10 630168
11 630916
12 637250
13 630334
14 640477
15 638041
16 641915
17 653595
18 650149
19 654247
20 658181
21 656446
22 661456
23 660819
24 665942
25 668898
26 675342
27 673150
28 679880
29 680797
30 683275
31 688437
32 691309
33 694821
34 700700
35 702378
36 707365
37 715624
38 720220
39 721238
40 725362
41 732545
42 741274
43 744701
44 757555
45 761859
46 770614
47 779847
48 786755
49 792550
50 805690
51 818005
52 822085
53 835808
54 844696
55 862612
56 869096
57 881915
58 893258
59 912296
60 922570
61 938887
62 951725
63 968876
64 989525
65 1006747
66 1029809
67 1051737
68 1075225
69 1094713
70 1122664
71 1148470
72 1180428
73 1219906
74 1257757
75 1296367
76 1340870
77 1387953
78 1442919
79 1504983
80 1567582
81 1640904
82 1720305
83 1817775
84 1917010
85 2035417
86 2177273
87 2333298
88 2526329
89 2756015
90 3012194
91 3323692
92 3687403
93 4222677
94 4904034
95 5747398
96 6757094
97 8184370
98 9951037
99 12237038
100 14921292
101 17710186
102 19078120
103 17229368
104 13629445
105 10485927
106 8311900
107 6750998
108 5558401
109 4682919
110 4059130
111 3548005
112 3142791
113 2811432
114 2549214
115 2324876
116 2129343
117 1992304
118 1855490
119 1750458
120 1654108
121 1567023
122 1487402
123 1422411
124 1368406
125 1320212
126 1270328
127 1231722
128 1190043
129 1154287
130 1118199
131 1091455
132 1060689
133 1032901
134 1014799
135 989985
136 969670
137 951332
138 935320
139 918804
140 900868
141 889641
142 873101
143 858733
144 847837
145 838584
146 827763
147 810240
148 799605
149 784489
150 779875
151 771173
152 762178
153 748906
154 737409
155 731858
156 729491
157 717886
158 711393
159 709399
160 702419
161 697419
162 689784
163 685868
164 679096
165 672518
166 670132
