0 1044310
1 1048033
2 1035428
3 1039663
4 1045590
5 1046203
6 1046518
7 1039664
8 1085206
9 1145515
10 1225348
11 1297608
12 1384311
13 1489448
14 1624820
15 1797139
16 1957817
17 2130856
18 2330212
19 2584364
20 2779047
21 2917310
22 2993747
23 3068085
24 3137863
25 3158273
26 3152718
27 3064609
28 2888249
29 2763657
30 2414397
31 2244064
32 2112313
33 1982363
34 1866620
35 1729164
36 1571849
37 1468160
38 1379274
39 1332642
40 1259989
41 1213779
42 1147021
43 1101060
44 1058531
45 1034650
46 1012707
47 987836
48 965392
49 945855
50 932712
51 921732
52 914152
53 905200
54 890385
55 877830
56 878195
57 869066
58 862323
59 847433
60 849519
61 843826
62 841556
63 841595
64 831676
65 827266
66 827900
67 830414
68 827746
69 830547
70 828331
71 827774
72 833493
73 834908
74 839236
75 836419
76 850339
77 862287
78 869555
79 886910
80 882023
81 878601
82 901452
83 901100
84 919230
85 941882
86 944290
87 988496
88 1013759
89 1036722
90 1083525
91 1153026
92 1212077
93 1292786
94 1402067
95 1500520
96 1603998
97 1652961
98 1718276
99 1786082
100 1820709
101 1854626
102 1894809
103 1955914
104 2107216
105 2249962
106 2462799
107 2673637
108 2832297
109 2875681
110 2849080
111 2755427
112 2613166
113 2511799
114 2433385
115 2329580
116 2224324
117 2118467
118 1956123
119 1739034
120 1581737
121 1400080
122 1273849
123 1201243
124 1180756
125 1134580
126 1054921
127 1052601
128 1010890
129 1007476
130 971200
131 966767
132 936903
133 902202
134 886062
135 842912
136 812829
137 788636
138 762858
139 746807
140 734034
141 722703
142 710350
143 701488
144 695635
145 702225
146 683667
147 676887
148 675219
149 671048
150 668670
151 665526
152 652690
153 650479
154 649810
155 641680
156 634231
157 631027
158 622960
159 618765
160 607769
161 609005
162 609054
163 604267
164 604017
165 602210
166 601532
