0 895698
1 900839
2 938996
3 978690
4 1024095
5 1076234
6 1144191
7 1222324
8 1327239
9 1474124
10 1646390
11 1858893
12 2115564
13 2475853
14 2926274
15 3574084
16 4402176
17 5471544
18 6956049
19 8759683
20 10771586
21 12434838
22 13053800
23 12455296
24 11200954
25 9868773
26 8752287
27 7710276
28 6615614
29 5681714
30 4892525
31 4314103
32 3904917
33 3595450
34 3356654
35 3204567
36 3168414
37 3224260
38 3332906
39 3331845
40 3513546
41 3729606
42 3997204
43 4279703
44 4573391
45 4886904
46 5242638
47 5733149
48 6359590
49 7355885
50 8842694
51 10613627
52 11145317
53 9639749
54 7757419
55 6617680
56 5596889
57 4749133
58 4098680
59 3645485
60 3358879
61 3189713
62 3141119
63 3175095
64 3315948
65 3594397
66 3602275
67 3993987
68 4530143
69 5236719
70 5820753
71 5961261
72 5471016
73 4589342
74 3702542
75 3039925
76 2504670
77 2133833
78 1813114
79 1562444
80 1361685
81 1199709
82 1072982
83 980271
84 919748
85 862413
86 827670
87 797032
88 768269
89 756005
90 740603
91 733049
92 730424
93 721816
94 720419
95 731113
96 745336
97 770275
98 803157
99 855477
100 909349
101 938271
102 940290
103 945187
104 951073
105 956144
106 948735
107 929346
108 912001
109 885198
110 860756
111 798298
112 775740
113 748296
114 731347
115 710159
116 694885
117 693382
118 687408
119 681955
120 683200
121 683583
122 694562
123 706194
124 715290
125 710514
126 696528
127 688535
128 674994
129 662829
130 649809
131 638714
132 631907
133 620122
134 614674
135 601835
136 592746
137 592474
138 591633
139 586569
140 574570
141 582251
142 571168
143 565828
144 562272
145 563199
146 560380
147 554952
148 550956
149 552827
150 551080
151 548998
152 545270
153 545604
154 544172
155 542807
156 542525
157 538141
158 535368
159 534830
160 537143
161 533082
162 526838
163 526371
164 528761
165 527937
166 525148
