0 425773
1 429726
2 429914
3 426991
4 431087
5 429691
6 429678
7 435720
8 435231
9 434579
10 434068
11 434909
12 432521
13 435373
14 435341
15 438134
16 439362
17 437020
18 442734
19 439491
20 441348
21 444366
22 443076
23 446318
24 446218
25 446505
26 449495
27 449451
28 448519
29 450976
30 453422
31 454646
32 455483
33 452600
34 456683
35 458617
36 454595
37 454108
38 457892
39 460462
40 462256
41 460732
42 465323
43 462511
44 462722
45 467102
46 466199
47 467302
48 469093
49 471399
50 473327
51 476025
52 475044
53 484315
54 480717
55 480603
56 482146
57 485166
58 483641
59 485336
60 486879
61 489808
62 493514
63 496472
64 499545
65 499507
66 505087
67 504356
68 507539
69 508315
70 509001
71 507420
72 514627
73 517102
74 517193
75 523107
76 522973
77 527102
78 534611
79 535877
80 537598
81 542641
82 543884
83 548290
84 552877
85 554663
86 557715
87 562741
88 566077
89 571953
90 574244
91 575718
92 584472
93 588199
94 597917
95 601304
96 603781
97 609987
98 622791
99 625123
100 630766
101 636543
102 644091
103 649172
104 658161
105 667264
106 672744
107 682147
108 686575
109 700826
110 705474
111 711459
112 722365
113 733002
114 745820
115 759382
116 773295
117 783087
118 796429
119 813741
120 830487
121 847097
122 863084
123 880362
124 902754
125 921009
126 940114
127 963473
128 984158
129 1010108
130 1041893
131 1066089
132 1097858
133 1126174
134 1164653
135 1206058
136 1245495
137 1302353
138 1343928
139 1393651
140 1458579
141 1516801
142 1590061
143 1669160
144 1753730
145 1850005
146 1952226
147 2077282
148 2213963
149 2374263
150 2575318
151 2802199
152 3078410
153 3422865
154 3851465
155 4377733
156 5046336
157 5973691
158 7142841
159 8840403
160 11236991
161 14414121
162 18491636
163 23050387
164 26888159
165 27184583
166 23105641
