0 373851
1 376075
2 379277
3 384656
4 386764
5 388790
6 395652
7 393786
8 398783
9 399547
10 404497
11 408354
12 411254
13 413638
14 411153
15 410596
16 410594
17 415577
18 418857
19 419802
20 419703
21 422210
22 422245
23 423168
24 426273
25 423824
26 427425
27 428374
28 434945
29 436232
30 436148
31 441740
32 440619
33 440067
34 441603
35 438839
36 441371
37 442036
38 444523
39 445849
40 452510
41 455368
42 459196
43 458603
44 462568
45 464657
46 463746
47 464811
48 464178
49 470833
50 468950
51 475553
52 477281
53 479702
54 483843
55 485169
56 481876
57 485393
58 487369
59 497200
60 496475
61 501586
62 506224
63 510456
64 513171
65 517452
66 520900
67 521965
68 525216
69 528368
70 531671
71 535357
72 539212
73 545470
74 552282
75 557225
76 560187
77 567545
78 569826
79 571626
80 576501
81 584141
82 586687
83 595224
84 600292
85 609145
86 615193
87 617980
88 620216
89 626030
90 632083
91 638207
92 645972
93 651331
94 656827
95 662822
96 670203
97 679789
98 684757
99 693851
100 705559
101 715237
102 729539
103 740352
104 750339
105 756531
106 765994
107 779055
108 787046
109 800500
110 813764
111 829737
112 845793
113 858332
114 880525
115 895210
116 913101
117 929451
118 951896
119 972743
120 996103
121 1022446
122 1053534
123 1078298
124 1106254
125 1140602
126 1176427
127 1219457
128 1257210
129 1304472
130 1355182
131 1404889
132 1466110
133 1524559
134 1592617
135 1666480
136 1759145
137 1852526
138 1965544
139 2093045
140 2239457
141 2394467
142 2564684
143 2747629
144 3003409
145 3244015
146 3571511
147 3937510
148 4379946
149 4902089
150 5551125
151 6447856
152 7444541
153 8835750
154 10611888
155 13049703
156 16365815
157 20915182
158 27612584
159 35814030
160 47656176
161 60022171
162 69643295
163 76047663
164 73287242
165 62848185
166 50038788
