0 181356
1 186727
2 185394
3 179420
4 182642
5 178956
6 179479
7 181766
8 177780
9 175972
10 169428
11 171893
12 172160
13 172907
14 173063
15 167085
16 167765
17 176369
18 170993
19 169343
20 166361
21 166854
22 158730
23 165422
24 163067
25 167919
26 165266
27 162598
28 165955
29 161517
30 157363
31 162330
32 164629
33 161593
34 162832
35 165142
36 164369
37 162821
38 167675
39 161576
40 161922
41 161243
42 153883
43 156177
44 156980
45 158401
46 154996
47 156167
48 157541
49 156424
50 158492
51 162697
52 155542
53 156649
54 153889
55 155025
56 151615
57 150007
58 153235
59 154818
60 153639
61 150883
62 157227
63 150222
64 160900
65 155562
66 154983
67 154908
68 153950
69 154038
70 156616
71 155297
72 150380
73 156532
74 159671
75 150313
76 150814
77 152657
78 143230
79 147977
80 145309
81 147827
82 147717
83 137928
84 141820
85 145922
86 136752
87 130955
88 135976
89 125008
90 134618
91 126520
92 127704
93 126736
94 128882
95 124434
96 131048
97 121105
98 119552
99 122317
100 130696
101 120431
102 118591
103 108683
104 110476
105 106974
106 111505
107 116926
108 106117
109 113292
110 109890
111 111083
112 111318
113 110663
114 102394
115 108771
116 102852
117 102401
118 110497
119 105679
120 106067
121 101364
122 107360
123 102010
124 103837
125 109705
126 102650
127 108682
128 109689
129 106775
130 105119
131 107369
132 108476
133 102269
134 101373
135 103983
136 112374
137 101102
138 100921
139 107391
140 105430
141 103461
142 105906
143 105485
144 99145
145 104353
146 112281
147 108790
148 106795
149 99848
150 102916
151 103748
152 105656
153 105463
154 107557
155 107864
156 108478
157 106530
158 104925
159 110391
160 105599
161 111740
162 105008
163 111163
164 114996
165 111788
166 111467
167 110862
168 113396
169 119830
170 114921
171 112007
172 108815
173 112821
174 118492
175 110416
176 122634
177 124973
178 124440
179 127383
180 123120
181 120217
182 122306
183 127496
184 131532
185 129982
186 131708
187 134326
188 136271
189 131557
190 145121
191 138957
192 144499
193 141047
194 144699
195 154253
196 156087
197 157223
198 164651
199 165199
200 167666
201 175574
202 173637
203 180497
204 190875
205 200268
206 206234
207 215623
208 226068
209 232470
210 249485
211 251842
212 270598
213 290201
214 308641
215 330457
216 361781
217 407100
218 447727
219 515389
220 598440
221 733922
222 916915
223 1275851
224 1984461
225 2539292
226 1687977
227 1155264
228 837854
229 671172
230 558249
